id,pred_y,target_y
0,1.9023911,1.91
1,1.1263158,1.78
2,1.8429093,1.76
3,2.049206,1.66
4,1.2869925,1.85
5,1.1789967,1.72
6,1.7820127,1.9
7,1.3860474,199.51
8,1.772667,1.75
9,0.5100205,1.89
10,1.8990401,1.83
11,1.3607293,1.88
12,0.87959826,1.9
13,0.62432235,1.8
14,1.7369338,1.9
15,0.9173518,1.82
16,1.553128,1.78
17,0.8940703,1.83
18,1.3980016,1.88
19,1.8884835,1.72
20,1.7698637,1.96
21,1.4768332,1.76
22,0.80014175,1.73
23,2.2834554,1.89
24,1.8745528,21.6408
25,1.2141448,1.78
26,1.584224,1.77
27,0.24435471,1.74
28,1.330179,1.65
29,0.6418588,1.79
30,1.8062124,1.88
31,2.4942968,1.89
32,1.4165323,1.85
33,-0.0007375181,1.84
34,1.1918682,1.85
35,2.3306022,1.85
36,2.0546463,1.92
37,1.7532096,1.81
38,0.6793946,1.86
39,1.3034827,1.76
40,1.9972436,1.88
41,1.2367389,1.92
42,1.3933139,1.82
43,0.59064376,1.87
44,0.17577207,1.86
45,1.1691196,1.78
46,0.24295713,2.02
47,1.4893659,1.83
48,1.0997947,1.83
49,1.3441253,1.89
50,1.9859582,1.69
51,1.8018422,1.8
52,0.30385318,1.76
53,0.47567427,45.0
54,0.3787039,1.78
55,1.9932914,1.93
56,0.52174354,1.86
57,1.1379969,1.85
58,1.2598245,2.04
59,1.7352659,1.8
60,1.5973303,1.85
61,0.5828078,1.86
62,1.5408827,1.86
63,1.7381971,1.85
64,1.3950663,1.76
65,1.3727664,1.88
66,1.3784387,1.73
67,2.1454165,1.73
68,1.9398487,1.83
69,1.3707663,1.87
70,1.5558513,1.9
71,0.4543237,1.9
72,1.3193957,1.96
73,1.5985225,1.83
74,1.489174,1.8
75,1.7492826,1.78
76,1.2014792,1.81
77,2.1236732,1.9
78,1.1511946,1.88
79,1.4705001,1.85
80,1.1180618,1.78
81,1.1595186,1.73
82,1.4379048,1.8
83,1.5621746,1.86
84,1.0869644,1.8
85,0.7134919,1.6
86,0.34379494,1.69
87,1.1997223,1.83
88,1.1056961,1.81
89,1.8726205,1.78
90,1.1787049,1.96
91,0.7361973,1.93
92,-0.092494175,1.85
93,0.44004267,1.76
94,1.2629192,1.8
95,1.470652,1.87
96,0.98177254,1.8
97,0.97004503,2.01
98,1.3098925,1.74
99,1.361636,1.89
100,0.50833666,1.78
101,1.2531418,1.83
102,1.3086369,1.8
103,1.5983493,1.87
104,1.2129401,1.75
105,1.3721311,1.85
106,1.2866423,1.8
107,1.2377207,1.86
108,1.0378133,1.96
109,1.1750098,1.65
110,1.4084386,1.83
111,2.1749935,1.81
112,2.2958932,259.0
113,1.3627365,1.85
114,1.9248414,1.8034
115,0.5368749,1.88
116,0.7969143,1.83
117,0.7002653,1.85
118,1.2525104,2.0
119,1.2318292,1.83
120,1.3619721,1.83
121,0.81093395,2.06
122,0.90358794,1.98
123,1.4796976,1.9
124,1.4870716,1.78
125,1.4120357,1.83
126,1.792352,1.88
127,1.0942097,1.77
128,1.2089854,1.92
129,1.6887299,1.79
130,1.8655807,1.79
131,1.478403,1.85
132,1.4092002,1.88
133,0.61298907,1.66
134,1.6850592,1.82
135,1.0946171,1.7
136,1.4355317,1.7
137,1.1408757,1.7
138,1.230517,1.77
139,1.5093902,1.87
140,1.0303706,1.88
141,1.6836545,1.69
142,1.9293674,1.73
143,2.546425,1.93
144,2.1023517,1.88
145,1.292061,1.88
146,1.363623,2.06
147,0.9971553,1.75
148,1.5045141,1.8288
149,1.5539804,1.8
150,0.97271115,1.88
151,1.3512174,1.75
152,2.0794723,1.83
153,0.49919444,1.73
154,0.44274366,1.8
155,2.195281,1.9
156,1.7821465,1.82
157,0.8683584,1.81
158,2.6111834,1.63
159,2.1533415,1.78
160,1.1047494,1.8
161,1.303427,1.75
162,1.3727422,1.9
163,0.124946326,13.0
164,1.2531788,1.79
165,1.0836582,1.78
166,0.10887834,1.83
167,1.1405908,1.79
168,2.1945784,1.9
169,1.5602647,1.8
170,0.35007983,1.95
171,0.63138545,1.73
172,1.7714839,1.85
173,1.5538106,1.92
174,1.3752444,2.06
175,0.961279,1.91
176,0.972803,1.77
177,2.102433,1.7
178,1.7954389,1.96
179,2.1728935,1.86
180,1.6585295,1.9
181,2.6694531,1.9558
182,2.0655632,1.72
183,0.8615461,1.73
184,0.6828679,2.16
185,0.5504879,1.85
186,1.0086856,1.89
187,1.997957,1.93
188,1.1688383,1.76
189,1.6315169,1.73
190,2.3282394,1.85
191,1.8355322,1.88
192,2.1261563,1.7
193,1.3701265,1.83
194,0.4298253,1.96
195,1.2326919,1.79
196,1.2830819,1.73
197,1.7256973,1.78
198,1.2660881,1.82
199,1.029787,1.93
200,0.6679369,1.78
201,1.3472002,1.8
202,0.69130296,1.72
203,2.1144834,1.89
204,0.65485305,1.74
205,0.080855854,1.8
206,1.0838763,1.75
207,0.568116,1.7
208,1.4275436,1.8
209,1.7193179,1.78
210,1.9129717,1.8
211,1.384389,1.76
212,2.2153838,1.9
213,1.0201883,1.88
214,1.5864018,1.84
215,1.500664,1.71
216,1.9920404,1.71
217,1.1281724,1.78
218,1.2782854,1.83
219,1.1635987,1.76
220,1.024516,1.85
221,1.0854688,1.76
222,1.404305,1.75
223,1.1543137,1.8
224,1.175435,29.2608
225,2.2253697,1.78
226,1.57157,1.93
227,1.0965096,1.9
228,0.9866327,1.83
229,0.842332,1.93
230,0.44366008,1.8
231,0.55311126,1.87
232,1.5485208,1.75
233,1.546944,1.8
234,1.5861748,1.84
235,1.1771157,1.81
236,0.22900262,1.67
237,1.3749542,1.86
238,1.8783767,1.8
239,0.15741166,1.805
240,-0.53889847,1.73
241,2.7172673,1.7
242,1.4664327,1.71
243,1.9150543,1.91
244,1.7428454,1.84
245,1.1678603,1.75
246,1.4685494,1.85
247,1.0563773,1.73
248,1.5344008,2.07
249,2.310319,1.77
250,1.5275147,2.06
251,0.9493358,1.71
252,1.3547289,1.86
253,1.5928105,1.88
254,0.77633375,1.65
255,0.95488644,1.93
256,1.5146996,1.98
257,2.0830848,1.69
258,1.7719537,2.03
259,1.067096,1.74
260,1.3751687,2.08
261,0.9244474,1.74
262,1.6711764,1.75
263,1.8117132,1.93
264,1.252861,1.96
265,1.5223277,2.13
266,0.6952108,1.74
267,1.6829026,1.78
268,0.9569523,2.11
269,0.38222837,1.83
270,1.8792845,1.79
271,2.8372943,1.75
272,1.1567863,1.83
273,1.6519432,2.11
274,1.5295658,1.83
275,1.4788724,1.74
276,1.2444959,1.88
277,1.0366284,1.71
278,1.3433465,1.83
279,1.6218996,1.9
280,1.2674285,1.84
281,0.8330215,2.05
282,0.77066207,1.95
283,1.9629132,1.79
284,1.9141243,1.78
285,1.7432458,1.76
286,-0.07314634,1.93
287,1.4371777,1.84
288,0.89346457,1.96
289,1.3956546,1.85
290,1.3113146,1.71
291,1.7195412,1.78
292,1.4262233,1.63
293,1.9835596,1.83
294,1.3648931,2.08
295,1.6745071,1.9
296,1.8765309,1.91
297,1.6886919,1.7
298,1.0761437,1.76
299,1.8065348,1.73
300,1.141136,1.9
301,1.6813993,1.87
302,1.5476134,1.88
303,1.1446712,1.96
304,0.6103532,1.78
305,2.3248208,2.07
306,2.1195796,1.71
307,1.2974845,1.87
308,1.5418113,1.73
309,1.843096,1.83
310,1.4831014,1.9
311,1.0736048,1.83
312,1.903858,1.95
313,0.95198053,1.77
314,1.2498003,1.78
315,1.3593255,1.76
316,1.8555001,1.81
317,1.6929505,1.85
318,1.5031108,2.01
319,1.9344084,1.91
320,1.5992819,2.03
321,0.7257554,1.96
322,1.9468248,1.98
323,1.1469917,1.9
324,1.9084042,1.88
325,0.9654948,1.88
326,1.377792,1.75
327,1.2131491,1.75
328,1.4096948,1.76
329,1.3403742,1.9
330,1.3451092,1.79
331,1.3192962,1.8
332,0.7568988,1.78
333,1.5787334,1.93
334,1.2409784,2.08
335,1.3831946,1.83
336,1.749538,1.73
337,2.4168065,1.78
338,1.1931521,1.87
339,1.6465026,1.8
340,0.78909713,1.76
341,0.528897,1.78
342,0.16593286,1.9
343,0.90031445,1.88
344,1.8265631,1.84
345,0.5116066,2.13
346,0.2663836,1.85
347,1.1382571,1.68
348,1.485663,1.76
349,1.7667739,1.8
350,1.1211308,1.75
351,1.1038007,1.74
352,0.43178648,1.84
353,1.3042682,1.84
354,2.4282186,1.88
355,1.8645457,2.11
356,0.9188682,1.87
357,1.681463,1.83
358,1.6521851,1.82
359,2.1049154,1.72
360,1.5419537,1.87
361,1.1418278,1.76
362,1.6050588,1.7
363,0.41212374,1.78
364,0.83830124,2.03
365,2.5406456,1.8
366,0.88389826,1.8
367,0.7101983,1.76
368,1.0077097,1.66
369,0.73232186,1.86
370,1.129993,1.9
371,1.6285433,1.85
372,1.347649,1.75
373,1.377238,1.81
374,1.1156332,1.88
375,1.600096,1.8
376,1.3308566,1.9
377,0.7945754,1.83
378,1.4200695,1.76
379,1.3140769,1.8
380,1.532606,1.77
381,0.900303,1.81
382,1.307745,2.01
383,1.7275542,1.88
384,1.0093943,1.86
385,0.10432238,1.91
386,1.6985818,1.86
387,1.1498958,1.73
388,0.4978568,1.81
389,2.1514444,1.9
390,1.4860767,1.92
391,1.1876906,2.08
392,1.732169,1.83
393,1.6646681,1.85
394,0.17005025,1.83
395,0.87817264,1.93
396,0.8899414,1.85
397,1.7307953,1.73
398,1.7940035,1.88
399,2.0780728,1.7
400,1.1439409,1.76
401,1.835257,1.85
402,1.3859262,1.9
403,1.1530508,1.81
404,1.796169,1.93
405,2.2211537,1.86
406,0.47053087,1.91
407,1.4065232,1.83
408,1.2517012,1.86
409,0.65632594,2.08
410,1.4583927,1.95
411,1.2322975,1.83
412,0.99562997,1.8
413,1.7049875,1.98
414,0.5167756,1.88
415,1.7274958,1.93
416,1.8122886,1.85
417,1.8547755,1.98
418,0.65313375,1.83
419,1.433304,1.83
420,1.5028229,1000.0
421,2.1900725,1.8
422,1.2651961,2.03
423,1.8549912,1.8
424,0.46240467,1.93
425,1.8151174,2.08
426,1.6913078,1.96
427,1.1021459,1.98
428,1.5811764,2.11
429,2.1217244,1.83
430,0.8897413,2.03
431,1.4655885,1.79
432,1.6652291,1.77
433,1.1632031,1.79
434,1.454724,2.1
435,1.4459593,1.8
436,1.0340877,1.93
437,1.5452884,2.13
438,2.1671047,1.92
439,1.3702526,1.78
440,0.020479694,2.08
441,0.621259,1.82
442,1.5748322,1.78
443,2.2718203,1.9
444,1.6634526,0.076
445,1.3142514,1.78
446,1.6982712,2.03
447,1.9951022,1.88
448,2.6536362,1.93
449,0.69369,1.81
450,0.8780589,1.88
451,1.8156759,1.78
452,1.3328601,1.92
453,1.1532024,1.83
454,0.66851544,1.75
455,1.2255,1.81
456,1.1615853,1.9
457,0.27559286,1.89
458,1.3549949,1.98
459,1.1804818,1.93
460,1.1964345,1.77
461,1.0724813,1.6
462,1.213652,2.18
463,1.5301206,1.81
464,1.2450267,1.88
465,1.398561,1.8
466,1.3595546,1.75
467,0.88920045,1.67
468,2.052604,1.77
469,1.8329058,1.78
470,1.8938742,1.75
471,1.1937475,1.75
472,1.5102469,1.9
473,1.0953,1.74
474,2.516538,1.83
475,1.2771555,1.93
476,0.24191281,1.8
477,0.9450719,2.16
478,1.5015395,1.88
479,1.771936,1.96
480,1.3951243,1.86
481,1.7278593,1.72
482,2.3449016,1.83
483,1.6335764,1.78
484,1.5313966,1.8
485,1.6994897,1.75
486,0.08629055,1.75
487,1.2532115,1.77
488,1.5192333,1.88
489,2.0660203,1.9
490,2.4300828,1.78
491,0.4330607,1.78
492,1.065133,1.78
493,1.7596447,1.72
494,0.92271346,1.78
495,1.0996697,1.8
496,0.57471424,1.85
497,1.617702,1.76
498,1.0015101,2.11
499,1.4555347,1.89
500,1.6091032,1.78
501,1.3378613,1.65
502,1.778045,1.75
503,1.2205375,1.8
504,1.6938629,1.76
505,1.2656455,1.83
506,1.4810872,1.78
507,1.2627128,1.9
508,1.5639888,1.85
509,1.0969915,2.16
510,0.84196097,1.93
511,1.1053611,1.85
512,1.6303967,1.7
513,0.5258714,1.81
514,1.4632857,1.86
515,2.1115756,1.73
516,1.3854513,1.93
517,1.2782476,1.87
518,1.7715216,1.72
519,1.2623507,1.92
520,0.9848899,1.68
521,2.0664012,1.8
522,1.5058596,1.81
523,1.6096988,1.9
524,0.8311795,1.81
525,2.1201177,1.68
526,1.3888112,1.85
527,1.4796336,2.03
528,1.5024707,2.11
529,0.81835806,1.8
530,0.92230767,1.91
531,1.9947484,1.85
532,1.2958692,1.8
533,1.2085495,1.87
534,2.16927,1.85
535,1.6858369,1.78
536,1.6420931,2.01
537,2.211707,1.8
538,0.879482,1.82
539,1.7301234,1.83
540,0.78746516,1.64
541,1.2816702,1.87
542,1.0616851,1.96
543,1.0803357,1.8
544,2.9461858,1.8
545,1.0571676,1.77
546,1.2355261,2.08
547,1.2785602,1.85
548,1.1678604,1.91
549,0.9528772,1.98
550,1.2576591,1.9812
551,0.41501635,1.85
552,0.79398274,2.08
553,1.5529363,1.8
554,2.4011607,1.7
555,0.56245124,1.93
556,1.6085615,1.75
557,1.2373352,1.85
558,1.5835587,1.91
559,1.9107662,1.75
560,1.1057063,1.9
561,1.5484976,1.68
562,1.2919114,1.87
563,1.3930507,1.83
564,1.7874963,1.92
565,1.6197062,1.98
566,2.2391467,1.73
567,1.520739,2.03
568,1.0184027,1.7
569,1.6541172,1.82
570,1.5811312,1.905
571,1.2758479,1.82
572,2.100048,1.97
573,0.48537987,1.85
574,1.3594815,1.85
575,2.0862103,1.74
576,0.9363526,1.77
577,1.3693413,1.75
578,1.0488143,2.13
579,0.4640469,1.8
580,0.06555624,2.01
581,1.5976436,1.76
582,2.2461436,1.55
583,1.6628561,1.77
584,1.9161423,1.83
585,1.6287766,1.73
586,1.4227057,1.85
587,2.801047,1.96
588,1.4160806,1.78
589,0.8637651,1.85
590,0.5469843,1.7
591,1.3797847,1.74
592,1.7235242,1.89
593,1.6073306,1.89
594,1.4841487,2.08
595,1.5722054,1.81
596,1.0434356,1.82
597,0.98022723,1.78
598,1.3273913,1.87
599,1.5944206,1.88
600,0.6204313,1.85
601,1.9206702,1.8
602,0.6859157,1.78
603,1.5300001,1.9
604,1.0427052,1.8
605,1.9417812,1.92
606,0.7851348,1.8
607,1.3788661,1.62
608,1.1091205,1.82
609,1.53937,1.8
610,1.0059786,1.7
611,0.27478272,1.72
612,1.1616063,1.8796
613,0.8913744,1.83
614,1.3557312,1.88
615,1.9710007,1.93
616,1.3307148,1.83
617,1.6740355,1.76
618,1.5948195,1.78
619,0.99923044,1.91
620,1.9280728,1.82
621,2.042635,1.79
622,0.30208743,1.82
623,0.7171983,1.7
624,0.5507569,1.85
625,1.0854194,1.8
626,1.8002871,1.8
627,0.98521656,1.88
628,1.0257162,1.8
629,1.0604398,1.83
630,-0.066792,1.82
631,1.9613314,1.74
632,1.0200375,1.77
633,1.7134552,1.93
634,0.3821258,1.83
635,2.1304185,1.89
636,0.84656644,1.84
637,1.5254353,2.11
638,1.9981394,1.88
639,0.50574183,1.75
640,2.6344602,1.92
641,1.6844313,1.78
642,1.1503127,1.81
643,1.2578595,1.83
644,0.9358203,1.9
645,1.357809,1.91
646,2.3893123,1.98
647,1.3353579,1.74
648,1.33504,1.9
649,1.4212077,1.96
650,1.2541978,1.73
651,2.0332582,1.83
652,0.9495349,1.84
653,1.0860237,1.9
654,0.5973499,1.82
655,1.1070884,1.85
656,1.7848147,1.75
657,1.8987269,1.83
658,1.8734882,1.91
659,1.3486383,1.7
660,1.0218775,2.06
661,1.267175,1.94
662,0.76439625,1.82
663,2.0008435,1.89
664,1.5379872,1.83
665,1.7105054,2.03
666,0.27575153,1.89
667,0.8909199,1.91
668,0.96008474,1.72
669,1.767971,1.85
670,1.3646277,1.88
671,1.1641104,1.86
672,0.92697185,1.8
673,1.3007609,1.85
674,1.7404411,1.8
675,1.3023896,1.83
676,1.6811526,1.92
677,1.3161966,1.79
678,2.2239935,1.78
679,1.0694745,1.93
680,1.1868573,1.8
681,1.4319787,1.81
682,0.9749394,1.95
683,0.8453872,1.85
684,1.9170902,2.06
685,0.9991534,2.15
686,1.4130297,1.93
687,1.3388138,1.96
688,2.1973162,2.06
689,1.7454646,2.16
690,1.2012638,1.88
691,1.1800274,1.71
692,1.2608491,1.86
693,1.692848,2.13
694,1.5427707,1.96
695,0.34004772,2.06
696,1.7846934,1.89
697,2.831811,1.85
698,1.6539438,2.06
699,0.26016864,1.78
700,1.3261645,1.87
701,0.9905737,1.68
702,2.0860875,1.87
703,1.1591226,1.8
704,1.7327492,1.85
705,1.8072987,1.85
706,0.7012432,1.8
707,2.0062037,2.11
708,1.6847095,1.83
709,1.4478028,1.9558
710,1.6332662,1.83
711,0.6038805,1.72
712,1.4286585,1.95
713,1.7068677,1.82
714,0.8145396,1.85
715,1.834804,1.88
716,2.1291814,1.85
717,1.1148283,1.85
718,1.1330078,1.83
719,1.9306788,1.85
720,2.0850322,1.82
721,1.6472089,1.87
722,1.9555647,1.83
723,0.27917963,2.08
724,1.5412496,2.03
725,1.2248535,2.11
726,1.8657806,1.66
727,1.4230965,1.86
728,1.3142287,1.78
729,2.1638181,1.98
730,1.151304,1.9
731,1.0041581,1.74
732,1.7655461,1.72
733,1.3999535,2.01
734,0.7688089,1.75
735,1.1748321,2.08
736,0.7390481,2.06
737,1.7603743,2.06
738,1.8581913,1.84
739,1.641653,1.86
740,1.5125061,1.85
741,1.462794,1.85
742,1.504123,1.83
743,0.56462574,1.84
744,1.1651937,1.83
745,1.3073086,1.78
746,1.0079705,1.8
747,1.259647,2.03
748,2.4434047,1.88
749,0.92782766,1.85
750,1.4652689,1.7
751,1.375548,1.85
752,0.2160026,1.93
753,2.0682485,1.75
754,1.1885942,1.75
755,1.1042732,1.86
756,1.3623549,2.04
757,0.95248425,1.67
758,1.6400409,1.93
759,1.7622905,1.92
760,1.8433452,1.88
761,1.4968987,1.93
762,1.7366575,2.01
763,1.2924346,1.93
764,0.46082854,1.94
765,1.9414641,1.85
766,1.0107898,1.81
767,0.642466,1.96
768,1.5965304,2.08
769,1.2705982,1.88
770,0.9794328,1.81
771,1.725385,1.93
772,1.4605584,2.08
773,1.4817806,1.77
774,1.4075823,1.91
775,0.9258522,1.86
776,1.6482296,1.75
777,2.7056813,1.77
