id,pred_y,target_y
0,41.814213,44.1802
1,44.37886,44.783333
2,35.72304,44.91238
3,41.814213,44.525555
4,46.41429,46.22389
5,44.757763,33.83585
6,44.32453,46.02222
7,40.96595,45.9
8,28.587877,47.0
9,44.99284,45.65
10,41.235878,45.583332
11,41.66269,43.863335
12,29.375761,13.453055
13,19.565239,12.0
14,22.116854,10.0
15,44.050247,50.791668
16,38.268856,44.717693
17,42.159294,44.483334
18,44.6786,44.643
19,21.048042,45.429436
20,39.99477,44.733334
21,43.089096,44.916668
22,37.41492,44.92703
23,45.77516,45.801945
24,44.384544,45.964443
25,42.218502,47.833332
26,43.055702,45.733334
27,44.050667,45.943333
28,39.505157,-37.820557
29,41.899,45.469444
30,41.814213,40.44
31,42.470688,40.7875
32,43.85975,42.916668
33,41.814213,45.533333
34,42.990868,45.583332
35,34.282516,45.810555
36,41.814213,45.89611
37,42.101284,48.56111
38,35.457516,-25.879105
39,41.215786,45.697777
40,38.388306,47.060688
41,46.317776,45.691387
42,41.235878,45.733334
43,37.16696,45.516666
44,44.864548,45.766666
45,33.38322,41.01
46,45.88657,45.781944
47,41.814213,45.684723
48,41.235878,53.633335
49,41.235878,53.616665
50,43.61272,45.650833
51,43.844227,45.9
52,38.845142,33.77
53,41.235878,44.095276
54,45.645744,45.726387
55,41.814213,45.9
56,36.592075,44.666668
57,45.24787,50.143612
58,22.336338,15.5
59,13.31023,-18.938612
60,42.984535,44.9
61,41.814213,36.802776
62,41.814213,45.35
63,44.56008,45.433334
64,45.40112,53.857777
65,40.858196,34.021946
66,45.138916,49.0
67,45.678024,48.6
68,32.714798,-1.4558333
69,24.298162,47.0
70,41.240654,45.25
71,24.298162,53.0
72,43.159615,45.066666
73,41.344765,45.466667
74,45.819183,43.87639
75,26.671862,13.0
76,41.235878,45.15
77,37.086613,43.9
78,30.843426,41.17472
79,41.235878,57.671707
80,36.755356,44.055557
81,39.75643,-27.10389
82,29.970812,18.18
83,33.36264,44.933334
84,41.184128,45.016666
85,46.03015,44.866665
86,41.814213,44.95
87,41.235878,45.1
88,42.008972,44.933334
89,42.13659,44.8
90,44.46174,43.707222
91,41.80056,33.756943
92,35.891403,50.892254
93,36.327225,43.5
94,41.814213,41.65198
95,31.687256,9.0822
96,36.1799,39.466667
97,45.60029,45.30697
98,41.380615,45.4
99,43.184242,45.683334
100,44.199116,45.25
101,37.552124,45.666668
102,41.814213,45.05
103,41.814213,45.989445
104,24.848736,49.487778
105,41.814213,45.34889
106,34.932236,49.48111
107,45.603172,45.455
108,38.51703,37.796665
109,17.629532,35.605
110,40.246616,34.16833
111,40.29334,14.05
112,41.3311,45.583332
113,35.607906,43.780556
114,42.710743,48.371666
115,41.814213,48.42
116,41.235878,52.40361
117,41.348316,49.444443
118,35.915752,51.509167
119,29.981018,36.8
120,45.271767,49.92
121,21.8978,35.883335
122,41.814213,46.666668
123,41.306976,45.583332
124,45.550575,50.11
125,25.190792,43.0
126,46.382954,49.3
127,42.425213,45.2324
128,44.564125,45.86639
129,39.041786,-11.3702
130,41.814213,52.55
131,44.658936,48.56
132,16.694008,49.0
133,41.502754,48.7
134,43.208084,48.805
135,16.694008,48.83
136,29.275183,44.487625
137,40.722836,40.712093
138,37.61766,51.50528
139,35.61635,34.91639
140,41.995476,50.083332
141,42.669373,48.13333
142,39.30989,49.176945
143,42.183807,15.0
144,42.19655,23.74
145,43.138737,45.483334
146,40.687725,45.483334
147,43.363136,45.366665
148,43.76071,-3.7275
149,33.20439,9.013333
150,45.727962,40.65
151,41.814213,45.7393
152,39.077557,45.633335
153,41.814213,45.4
154,45.818695,48.08
155,41.235878,33.833332
156,35.18551,42.450264
157,41.814213,40.822224
158,36.404503,43.05472
159,39.75643,43.062084
160,30.803911,52.516666
161,40.128452,39.701443
162,34.62596,39.453056
163,41.814213,38.76472
164,38.62516,6.7
165,41.814213,8.833333
166,17.252018,-22.2
167,23.203426,33.919147
168,38.945152,37.91203
169,43.56131,42.558334
170,41.814213,34.783333
171,28.881842,-3.7166667
172,23.611908,-3.6666667
173,22.94851,1.4666667
174,24.602924,52.0
175,38.840572,32.37472
176,23.180504,-9.466666
177,38.97545,42.8842
178,41.814213,47.8875
179,44.6327,48.31361
180,38.04953,39.05789
181,41.549473,28.133333
182,21.28501,33.0
183,42.298122,42.380596
184,40.050995,47.375557
185,44.97319,47.3715
186,36.415142,47.528816
187,46.14353,47.99917
188,41.34921,45.95835
189,25.1744,61.969944
190,45.607277,48.273613
191,42.96368,48.328335
192,34.85137,50.73389
193,44.865196,48.04361
194,44.63324,48.048054
195,41.13071,40.31743
196,44.275543,59.216667
197,36.652275,43.61092
198,41.235878,43.770638
199,45.389458,57.5
200,36.44678,32.881
201,32.194435,-35.450554
202,37.310646,-70.0
203,43.296204,47.920555
204,43.60319,-38.716667
205,47.149734,51.567
206,40.4333,42.621387
207,41.235878,42.566666
208,46.013985,42.516666
209,39.75643,52.150276
210,45.85697,53.25
211,41.814213,38.27
212,27.441317,39.43
213,40.996376,34.26778
214,41.65667,38.3
215,45.346695,44.50611
216,33.96107,45.73861
217,45.6267,40.683334
218,36.253513,-37.864
219,41.714615,42.66234
220,20.202953,15.077778
221,38.43286,39.47
222,44.065926,50.107777
223,41.88496,33.45
224,41.235878,47.6382
225,34.746044,47.166668
226,42.024506,37.19
227,43.835472,43.20028
228,36.982014,32.603374
229,45.291992,59.665
230,44.80941,62.574165
231,41.902554,41.11868
232,44.532486,48.783333
233,38.190163,35.41
234,41.8611,47.0
235,33.01587,52.16298
236,27.953163,52.0
237,39.75643,61.1886
238,37.070377,41.51
239,42.055763,38.55389
240,39.91941,41.737778
241,39.55314,43.45
242,43.96092,40.14
243,42.032623,42.363632
244,41.814213,28.94
245,37.584274,58.65
246,43.735027,39.33
247,41.235878,42.33
248,33.759132,42.0
249,44.63791,48.761944
250,39.61361,37.36
251,38.79949,31.554445
252,46.030464,62.396667
253,43.08154,44.92139
254,37.313946,44.633335
255,41.814213,46.333332
256,42.809273,32.02028
257,41.814213,49.22
258,41.235878,49.176388
259,37.874866,45.75
260,45.63497,51.0
261,46.81344,45.65
262,41.814213,46.259445
263,44.907692,49.45
264,31.208826,46.93
265,45.145668,29.73
266,37.394005,43.8559
267,43.968857,32.59
268,45.120842,62.1849
269,45.823135,43.9393
270,40.905483,45.572224
271,40.18237,43.5
272,39.75643,33.955463
273,32.594166,45.81025
274,42.28772,45.71289
275,45.30078,45.3193
276,36.395042,33.524754
277,38.625008,48.260277
278,29.339062,58.01389
279,24.848736,41.116943
280,46.661125,54.5
281,42.603065,33.52833
282,33.430874,-11.055555
283,36.186283,42.35476
284,39.75643,40.09
285,40.434376,51.383335
286,24.165764,1.009
287,41.814213,38.97
288,41.235878,39.962223
289,41.42507,61.875
290,43.666115,20.756111
291,40.050995,35.17411
292,45.76037,70.916664
293,41.235878,59.233334
294,41.235878,59.536945
295,27.176285,42.037224
296,31.501728,48.48
297,34.185604,48.42
298,41.814213,35.8275
299,35.27674,34.55319
300,27.196041,35.535557
301,18.657131,35.368057
302,40.401833,40.226112
303,41.235878,40.21583
304,25.513859,37.921555
305,33.804077,35.990276
306,46.386818,47.74861
307,44.370438,43.640835
308,35.607906,38.2611
309,41.814213,42.75
310,41.235878,42.63
311,44.890614,43.24
312,38.32022,43.3
313,36.252472,41.76
314,36.59127,39.86
315,38.00925,44.765556
316,42.834633,45.611958
317,39.75643,35.076668
318,43.015087,44.64582
319,39.75643,48.166668
320,45.174526,47.666668
321,45.170288,41.616665
322,40.462067,48.71361
323,39.75643,25.37
324,36.288895,41.683334
325,25.342833,24.75
326,39.942387,41.343056
327,43.398582,42.488888
328,36.44654,16.256945
329,41.814213,48.3822
330,38.94713,34.690277
331,38.679993,41.666668
332,28.693586,34.80727
333,36.414474,39.566666
334,45.473576,41.616665
335,26.592175,31.549723
336,41.814213,41.633335
337,43.654884,41.863888
338,42.91531,42.425
339,24.93895,17.0
340,42.615723,37.058964
341,41.814213,49.65402
342,39.75643,34.580994
343,44.779987,42.002777
344,41.814213,46.54
345,41.814213,48.583057
346,40.875015,-32.65333
347,38.272717,46.983334
348,18.513382,-2.0833333
349,46.429382,58.775555
350,20.106743,25.57
351,47.171745,54.166668
352,42.915054,32.6
353,36.140522,47.27
354,44.524178,51.166668
355,39.84642,48.974724
356,35.703583,36.18139
357,39.75643,40.42
358,36.91978,39.15
359,38.893997,39.31778
360,27.61772,26.176111
361,23.48185,35.0
362,35.3897,35.330276
363,45.29727,52.361946
364,44.01564,47.427223
365,41.814213,48.861946
366,45.116173,30.05611
367,44.44689,46.3094
368,42.12155,48.39
369,35.88071,46.400246
370,39.75643,43.312527
371,42.916492,41.321667
372,43.985607,40.118057
373,41.84327,41.3972
374,41.863075,41.083332
375,41.814213,40.87508
376,36.839485,19.3
377,41.235878,33.59028
378,44.212578,40.269722
379,41.814213,55.928055
380,40.291492,43.60049
381,45.508163,42.666668
382,41.814213,40.67
383,43.965576,43.42747
384,41.814213,43.713055
385,37.23417,43.52602
386,41.814213,13.0
387,44.90293,43.604443
388,40.11688,41.616943
389,40.702644,42.46428
390,46.370735,48.890556
391,46.20365,47.5
392,35.388443,44.4111
393,26.800215,28.0
394,39.535282,45.75
395,44.447628,47.916668
396,45.401844,49.0
397,35.794514,11.55
398,31.786089,11.68
399,39.75643,59.383335
400,38.44976,59.223057
401,41.235878,50.631943
402,46.2083,49.18639
403,43.119644,45.7
404,41.92606,43.25
405,37.338863,43.300835
406,45.06076,48.666668
407,41.814213,41.662224
408,44.13369,44.809444
409,32.06846,45.728333
410,43.543938,41.739166
411,43.197712,-33.781666
412,41.684883,48.333332
413,41.324245,47.931667
414,37.25635,37.83139
415,31.292847,36.0
416,44.86915,48.77778
417,44.19018,48.087776
418,40.009533,40.66
419,43.484108,47.890835
420,36.02905,44.91333
421,41.053482,21.880833
422,39.022198,41.283333
423,41.235878,41.35
424,41.232323,41.23528
425,46.401825,45.08
426,41.33707,59.183334
427,43.757477,32.31
428,44.62254,69.15645
429,40.937855,34.924683
430,41.814213,30.21
431,38.17421,40.706833
432,39.93976,36.0125
433,39.75643,36.009724
434,30.784046,37.80217
435,45.150288,41.7
436,43.11298,42.166668
437,33.04614,31.48
438,24.651089,34.690815
439,40.72225,34.96571
440,39.45395,52.0833
441,41.235878,44.2225
442,41.14256,44.133335
443,41.235878,35.00436
444,44.54931,42.351112
445,41.735065,43.16042
446,38.313152,46.668888
447,22.564312,20.566668
448,36.381943,38.893055
449,40.570545,44.96389
450,38.85099,-30.0
451,41.814213,46.85
452,42.533382,47.36667
453,41.39188,37.91611
454,41.235878,35.616665
455,41.68382,46.333332
456,39.87964,45.033333
457,45.46984,43.480556
458,45.5051,46.166668
459,20.90318,23.079721
460,38.356552,45.35
461,24.25206,3.5580556
462,45.131866,44.935
463,41.235878,52.216667
464,42.638897,32.733612
465,41.235878,44.835297
466,45.44134,49.835556
467,38.231236,43.85
468,36.80844,32.84069
469,41.2361,33.57
470,33.277203,35.5
471,41.235878,34.1
472,46.26036,43.703335
473,44.241695,33.501667
474,41.235878,43.491665
475,47.119537,45.649445
476,41.00112,41.7
477,43.021393,41.466667
478,41.814213,47.62361
479,41.878777,38.426388
480,27.867352,38.38139
481,16.694008,41.918182
482,41.814213,34.586666
483,34.696865,41.073055
484,35.745113,35.25639
485,38.56555,47.925278
486,35.297615,6.45
487,42.806602,44.80147
488,45.50149,43.03764
489,35.832672,45.786945
490,42.212738,44.291943
491,27.851984,3.0
492,45.664433,44.795
493,31.505276,48.42215
494,31.388784,45.504166
495,18.83032,10.716666
496,39.75644,65.01417
497,39.442627,38.183334
498,36.36234,37.083332
499,35.442814,35.9875
500,41.814213,40.083332
501,28.110394,37.316666
502,34.382317,35.72759
503,18.92794,38.111893
504,41.814213,50.288055
505,37.57174,56.835556
506,25.85797,34.04806
507,44.58173,13.133333
508,33.132957,13.833333
509,41.235878,47.82861
510,33.40149,40.345276
511,41.05722,7.35
512,38.300285,18.166666
513,41.05722,18.2
514,42.812157,47.2667
515,19.315422,13.481
516,39.815235,47.28417
517,41.814213,37.6725
518,38.35442,38.9161
519,34.560215,15.5
520,46.678864,66.92
521,38.930367,40.7966
522,45.226177,44.97
523,46.14863,58.4165
524,40.877953,-8.053889
525,44.11293,38.1725
526,44.33237,60.733334
527,30.527723,52.08472
528,42.23903,44.859165
529,44.87359,43.8475
530,31.772774,41.925556
531,41.235878,68.888336
532,44.531517,32.896946
533,39.75643,68.07917
534,40.687485,41.55
535,40.371582,40.04
536,41.370003,35.7649
537,37.285526,47.90167
538,41.814213,-37.8
539,39.75643,47.24139
540,46.29131,44.368057
541,44.739716,57.615276
542,44.074165,47.38278
543,25.479155,-42.8097
544,45.18237,-42.8431
545,37.83097,46.916668
546,45.530113,47.49222
547,38.177757,48.833332
548,34.572884,20.478333
549,38.702934,34.189445
550,41.97956,-20.2141
551,37.26678,30.46
552,36.56133,46.8625
553,42.71099,39.697224
554,24.230707,26.5
555,38.560005,47.1
556,42.482445,50.502777
557,39.75643,33.866665
558,37.318916,33.7258
559,37.729774,39.083332
560,41.814213,41.735832
561,45.018936,38.25
562,40.050995,37.933334
563,44.859497,48.6369
564,38.103935,41.329445
565,41.532516,41.666668
566,46.237373,52.5361
567,33.875538,-10.183333
568,46.81475,53.6
569,16.694008,51.25
570,45.785263,48.8
571,42.948322,48.69278
572,44.61744,51.945835
573,45.75553,46.784657
574,26.724459,26.847
575,43.63117,23.733334
576,41.814213,43.651943
577,41.235878,45.566387
578,41.558628,42.36667
579,35.18551,-9.166667
580,41.200413,59.801388
581,41.814213,-8.733334
582,44.775227,47.2267
583,44.721554,44.523037
584,41.36332,69.304726
585,45.4774,68.975
586,40.24174,-32.95
587,30.863441,42.73
588,39.75643,39.132
589,36.94401,33.86639
590,41.446056,45.033333
591,34.457054,41.288334
592,32.92534,41.37636
593,43.19317,54.616665
594,46.293144,51.43222
595,43.71383,39.106667
596,36.165627,52.05
597,39.75643,39.966667
598,45.738403,34.51
599,43.120453,47.509724
600,41.05722,12.4208
601,43.1073,37.4898
602,42.832893,-26.918888
603,45.735065,47.24361
604,41.05722,39.748333
605,38.22561,40.66
606,23.157976,44.4
607,30.130316,41.583332
608,41.117744,30.21
609,41.814213,31.55
610,39.75643,29.95
611,38.17261,49.516666
612,36.088776,31.2
613,39.456665,50.9068
614,44.319485,38.88028
615,41.68299,51.34
616,33.603767,44.9333
617,46.48772,45.05
618,41.814213,45.0439
619,44.64674,58.516666
620,41.814213,42.816666
621,39.75643,35.713333
622,41.814213,52.5
623,28.989042,31.896944
624,40.323082,42.804165
625,40.85013,29.716944
626,43.833565,60.3925
627,28.126053,51.42389
628,44.62995,52.566666
629,44.908623,59.34861
630,45.594833,51.507694
631,41.814213,49.974724
632,38.411232,47.083755
633,43.481773,46.983955
634,38.483833,42.383057
635,43.206238,49.610554
636,45.186188,43.93028
637,41.067238,33.03929
638,44.224297,48.470833
639,34.713657,43.809166
640,35.301117,42.3325
641,43.12086,52.366665
642,45.35862,52.27889
643,43.95231,52.388332
644,44.197754,44.11361
645,30.508526,42.44851
646,42.801533,33.47
647,41.814213,42.102222
648,42.923096,32.77139
649,46.40275,51.766666
650,45.513206,43.84639
651,40.881367,44.49389
652,42.800407,37.76389
653,42.334473,38.91
654,35.139603,45.583332
655,28.534958,-14.0
656,41.235878,45.283333
657,35.757133,38.115555
658,41.814213,26.124353
659,28.178513,4.0
660,41.814213,40.63861
661,36.63585,40.633335
662,31.281801,53.302776
663,35.91249,43.333332
664,44.711693,45.45
665,35.453274,41.13
666,30.5237,30.12
667,40.050995,40.92503
668,45.702065,43.85
669,42.70101,62.033333
670,44.150764,-33.966667
671,32.897987,35.516666
672,46.291313,55.666668
673,45.801765,53.67
674,46.09607,51.216667
675,41.839104,38.32
676,41.235878,47.685833
677,45.295544,48.4161
678,39.072205,33.9225
679,44.3721,51.116665
680,26.938593,43.853054
681,44.25438,48.33389
682,42.914528,34.087776
683,42.602768,39.9236
684,45.84935,49.9864
685,41.235878,32.792
686,41.569973,44.282562
687,41.814213,50.25
688,41.814213,51.266666
689,34.87703,35.78
690,45.701366,49.114445
691,41.235878,49.052223
692,42.226517,34.052776
693,41.235878,33.47
694,41.814213,51.05
695,43.023552,38.854
696,44.764206,46.9074
697,44.807632,52.421112
698,30.401945,10.633333
699,39.75643,43.27611
700,45.27232,49.211388
701,41.872574,45.704166
702,22.294178,38.375668
703,39.75643,43.959167
704,34.564034,44.6925
705,43.583576,48.20028
706,41.235878,44.769722
707,36.621365,49.775833
708,41.891846,44.66111
709,25.606258,44.240833
710,45.13633,44.837223
711,37.381725,45.070835
712,45.779015,43.63889
713,41.814213,49.835278
714,35.963783,44.716667
715,41.251144,44.85
716,41.814213,44.843613
717,41.814213,52.1775
718,41.814213,45.02139
719,41.814213,44.99472
720,37.59553,44.900276
721,35.343746,41.35
722,37.603798,44.78389
723,38.088287,44.781387
724,38.49173,44.797222
725,41.268967,44.519722
726,43.5878,44.76645
727,44.205704,43.343334
728,40.59046,45.06111
729,23.848164,24.65
730,45.31613,49.430832
731,44.72212,42.23917
732,41.391266,41.15278
733,45.417503,45.916668
734,45.81771,42.19698
735,41.43985,42.692223
736,45.673264,47.5775
737,42.551937,47.622223
738,44.61712,49.63889
739,41.44058,43.32139
740,39.75643,43.344444
741,44.306816,35.39
742,39.103806,44.751667
743,41.477962,44.94361
744,41.865753,44.752224
745,41.814213,45.09778
746,32.16187,45.01335
747,41.885338,44.89389
748,44.43638,44.84535
749,40.117474,44.738056
750,42.97024,41.658978
751,44.57032,44.82722
752,42.38922,44.927223
753,44.2322,44.808887
754,41.75872,44.945835
755,43.67486,44.7725
756,45.740475,44.816944
757,41.235878,9.583333
758,41.814213,56.968
759,37.190193,44.586666
760,36.929302,45.03389
761,41.197735,38.2
762,41.814213,44.858612
763,43.903458,44.953056
764,45.16253,44.797222
765,44.201427,47.74861
766,42.021233,39.62473
767,39.75643,38.35
768,37.914345,43.9228
769,39.75643,42.414444
770,42.600365,43.774723
771,44.957184,45.633335
772,36.608902,45.631668
773,37.450104,35.55
774,38.68753,47.321667
775,44.680397,44.0925
776,45.90471,45.566666
777,41.814213,45.58999
778,41.235878,44.91
779,36.734924,43.68
780,44.934376,45.63119
781,42.733566,45.6
782,42.434322,45.50824
783,41.814213,56.79
784,38.269737,44.583332
785,44.436726,46.47
786,45.844086,48.24
787,45.041107,46.38
788,41.235878,55.733334
789,42.45664,42.58361
790,41.814213,1.4555556
791,45.24574,38.7
792,44.862976,43.184723
793,42.41686,52.283333
794,46.29315,49.921665
795,41.814213,48.086666
796,41.371445,41.621387
797,41.814213,32.065277
798,39.901875,41.463226
799,46.955128,51.604443
800,45.125053,45.67222
801,41.814213,45.616665
802,40.660282,44.30424
803,41.177834,44.72
804,46.016724,-37.733334
805,40.81028,25.9
806,43.83592,42.872223
807,41.814213,50.83
808,39.553593,33.07
809,45.723175,14.040833
810,41.814213,44.282223
811,41.343422,43.667774
812,45.202084,43.780132
813,39.2044,3.99886
814,28.126053,33.434166
815,45.08909,44.700554
816,41.235878,48.6275
817,37.300076,34.157326
818,45.575977,44.455555
819,15.686203,47.56686
820,40.456074,33.2275
821,23.972124,38.655834
822,40.40335,47.982777
823,44.378,47.2148
824,39.012814,34.764263
825,41.43789,45.883335
826,44.906406,49.656944
827,46.216568,57.0
828,33.687786,45.433887
829,45.44113,43.383335
830,43.991417,39.039722
831,45.28943,44.9582
832,45.41318,51.5258
833,44.944283,59.866665
834,45.08129,48.03583
835,41.814213,46.996944
836,40.328712,46.684166
837,46.2481,43.384445
838,41.282303,37.0878
839,39.60012,45.590557
840,34.27803,13.698889
841,40.996376,52.033333
842,35.694176,34.23
843,42.858086,44.45
844,44.27111,44.8
845,45.8757,44.27761
846,34.494125,34.883846
847,41.276184,44.575
848,44.8965,44.583332
849,41.814213,33.833332
850,41.814213,39.683334
851,26.189554,35.333332
852,39.45343,35.25
853,40.197746,55.483334
854,38.106934,22.021667
855,41.108074,45.8404
856,40.030857,44.733334
857,45.494606,44.566666
858,43.687088,48.455555
859,40.890247,42.816666
860,44.258232,27.8925
861,45.741974,43.41639
862,45.168713,43.356388
863,36.541683,44.683334
864,44.073673,44.683334
865,45.118713,43.616665
866,41.64727,44.733334
867,41.814213,47.960556
868,45.519268,44.65
869,42.397377,44.266666
870,41.814213,44.316666
871,39.39985,34.158707
872,45.468636,44.583332
873,45.767338,58.32722
874,41.308167,44.533333
875,39.267017,43.3
876,43.41999,45.666668
877,39.75643,57.84861
878,40.41075,34.71989
879,43.57483,44.36364
880,44.67022,43.025555
881,35.737732,37.557
882,33.57029,43.73724
883,38.545605,43.67405
884,45.51843,43.7517
885,41.848488,47.775276
886,44.52773,45.7
887,38.10215,43.56425
888,41.814213,43.73574
889,44.97094,56.04241
890,43.21765,43.716335
891,47.2617,43.460278
892,39.529274,34.178055
893,33.667957,39.915
894,46.915115,53.4892
895,39.745106,42.583332
896,45.686165,48.871113
897,40.52188,35.666668
898,39.636284,41.99682
899,41.814213,60.143612
900,18.16696,-5.45
901,45.66736,42.408333
902,41.814213,37.607777
903,44.201225,46.387222
904,42.678944,48.83972
905,40.503197,43.9075
906,43.108086,44.648056
907,45.490856,60.236668
908,46.291313,59.98709
909,41.235878,42.439445
910,42.15425,37.70139
911,41.814213,38.3
912,41.814213,43.816666
913,40.70159,44.075
914,44.33943,41.02
915,34.305958,34.93
916,37.152863,34.71
917,38.286156,36.08
918,32.7616,35.91
919,41.235878,35.26
920,42.633167,35.29
921,37.28807,79.48333
922,39.75643,36.747208
923,39.49758,38.21
924,43.458572,44.33697
925,40.15083,33.29
926,44.112595,44.183334
927,41.236786,47.4675
928,45.1856,45.694443
929,41.235878,43.84152
930,44.27849,44.416668
931,43.90589,45.8906
932,37.967262,46.083332
933,41.235878,48.250507
934,39.726685,45.38111
935,44.4228,44.316387
936,41.25733,44.291943
937,40.362846,49.36
938,46.222717,49.359444
939,46.22942,48.916943
940,45.912857,48.928055
941,45.23056,48.956665
942,45.802223,48.960556
943,47.085064,48.97778
944,46.761353,48.986946
945,43.176933,49.0425
946,43.02851,49.2725
947,44.430466,48.795277
948,43.062828,46.03528
949,40.642456,45.816666
950,21.958492,20.15
951,44.62909,45.45
952,35.250607,42.3333
953,39.75643,59.766666
954,43.805305,43.993057
955,43.795815,44.116665
956,42.17386,49.285557
957,45.592163,49.30528
958,45.135334,45.65
959,40.10074,47.15
960,41.171104,42.42543
961,44.35531,42.45
962,45.015728,42.233334
963,40.695343,42.249
964,42.55799,42.333332
965,43.200188,42.283333
966,43.95356,42.216667
967,44.9965,42.516666
968,37.424072,42.316666
969,34.45288,45.5
970,41.814213,45.5
971,39.090446,45.783333
972,42.749535,45.366665
973,44.802967,45.65
974,41.814213,45.466667
975,44.370567,45.74111
976,43.494316,45.633335
977,41.814213,45.483334
978,45.03695,39.953884
979,45.93284,48.259445
980,41.814213,48.51
981,41.235878,-17.829166
982,45.494637,43.135555
983,25.335875,22.16197
984,44.94201,41.216667
985,45.439583,33.69278
986,42.774246,45.955276
987,38.00269,45.984722
988,34.174744,46.066666
989,43.065357,43.184284
990,42.741894,32.47278
991,39.75643,62.471237
992,42.55986,40.7472
993,46.223938,46.01
994,33.873516,41.89
995,39.75643,43.29
996,35.69718,45.455833
997,42.953205,54.083332
998,46.41691,45.966667
999,44.523407,49.091667
1000,45.211502,45.95
1001,40.226334,46.133335
1002,41.814213,46.122223
1003,41.83034,46.13278
1004,43.622505,43.405277
1005,46.29315,53.116665
1006,39.294304,41.885
1007,34.297733,43.979443
1008,41.235878,35.095554
1009,40.403263,37.850277
1010,41.814213,42.04046
1011,41.235878,38.15
1012,41.68744,42.133335
1013,38.57294,41.974724
1014,41.99513,41.8
1015,41.4704,41.961666
1016,41.235878,41.70222
1017,44.00193,41.65
1018,45.15738,42.205555
1019,38.856155,42.05
1020,41.814213,42.23018
1021,46.86267,41.833332
1022,40.136086,42.066666
1023,44.8552,42.05
1024,37.53897,41.933334
1025,46.020775,46.4
1026,46.53607,46.166668
1027,45.281887,45.8
1028,42.23509,45.8
1029,38.6885,45.766666
1030,43.65638,45.738335
1031,42.059906,45.697224
1032,35.856052,45.866665
1033,41.539898,45.833332
1034,41.814213,46.9
1035,39.75643,38.65333
1036,36.287315,38.960785
1037,45.308426,45.366665
1038,41.05851,45.5
1039,45.57152,43.818596
1040,42.058212,55.700207
1041,42.185577,36.13
1042,40.44527,36.38
1043,45.050293,40.56167
1044,39.068302,41.62
1045,41.026222,45.5
1046,42.30551,45.366665
1047,40.18634,45.233334
1048,42.576775,45.266666
1049,38.805458,48.9
1050,39.896854,45.81383
1051,40.169147,45.19528
1052,33.63206,44.710556
1053,45.97412,48.45
1054,44.92872,48.8109
1055,45.731247,48.88
1056,43.941174,38.028057
1057,44.658638,45.933334
1058,45.601547,49.505833
1059,42.4805,46.266666
1060,45.60293,49.12
1061,38.978443,46.233334
1062,44.671856,38.08706
1063,32.656593,40.615276
1064,45.43659,48.5
1065,41.814213,46.29151
1066,36.912426,38.26
1067,43.410423,45.629757
1068,44.678272,55.470833
1069,44.79219,51.57
1070,44.7432,49.140427
1071,38.668686,45.85
1072,41.6903,46.32181
1073,41.814213,63.316666
1074,40.355263,44.508354
1075,38.691284,44.571045
1076,39.331104,44.64614
1077,40.18222,40.0
1078,41.36484,44.466934
1079,45.496708,48.1765
1080,44.223267,32.44
1081,41.23591,44.42213
1082,43.4504,44.38369
1083,41.814213,35.94
1084,41.814213,44.443527
1085,42.066574,51.947224
1086,46.47691,43.982815
1087,45.099014,43.879063
1088,39.18991,45.525555
1089,42.209743,46.166668
1090,33.589306,35.69389
1091,42.460617,44.243057
1092,42.61975,44.146286
1093,45.58914,44.179012
1094,46.135082,44.099285
1095,41.814213,44.378128
1096,39.832054,39.317
1097,42.065628,44.19209
1098,44.774155,34.9
1099,45.97246,44.205692
1100,46.403313,59.05
1101,37.905045,44.35663
1102,43.499413,58.410557
1103,43.23149,49.10889
1104,41.814213,49.087223
1105,43.76702,24.616667
1106,25.850195,3.2
1107,41.24495,44.004723
1108,34.04767,56.133335
1109,23.274717,26.216667
1110,45.71177,47.690556
1111,39.653664,43.95
1112,41.814213,40.559666
1113,44.507713,48.85472
1114,44.395874,12.52
1115,40.0934,41.75
1116,41.696766,41.783333
1117,38.273094,41.516666
1118,41.814213,41.916668
1119,37.66358,41.6
1120,43.122032,41.616665
1121,38.524437,41.9
1122,39.75643,59.75
1123,45.058804,41.483334
1124,31.995865,-15.795
1125,31.496716,-15.934444
1126,39.75643,41.02
1127,40.617317,41.566666
1128,45.691963,47.6931
1129,41.235878,51.482777
1130,42.358784,41.7
1131,46.70346,48.588055
1132,45.370094,41.566666
1133,45.966454,41.5
1134,42.463722,41.791943
1135,46.653896,51.5153
1136,40.33663,40.766666
1137,45.50495,57.24472
1138,41.235878,46.12
1139,41.235878,38.51
1140,43.930695,46.93
1141,41.514572,39.22361
1142,46.749786,39.37448
1143,40.29017,39.70141
1144,41.814213,39.86963
1145,40.474483,39.516888
1146,42.58126,39.30256
1147,43.1577,39.28834
1148,42.898872,39.780277
1149,45.17729,39.380886
1150,45.25556,46.183334
1151,45.79018,39.11095
1152,45.34516,60.169445
1153,39.75643,42.391666
1154,42.667652,37.783333
1155,46.124344,34.11139
1156,45.396965,53.9
1157,41.462288,17.7207
1158,39.75643,53.556946
1159,43.63034,33.71
1160,46.99563,51.27833
1161,40.20704,45.72959
1162,43.780315,52.26
1163,45.73729,45.8
1164,42.130085,45.816666
1165,30.243168,26.71
1166,44.18417,51.20028
1167,41.29457,40.591274
1168,42.504494,40.470196
1169,43.356274,40.249443
1170,42.519108,40.03537
1171,43.3756,40.234165
1172,38.328846,46.3
1173,46.486584,-37.946
1174,39.49878,38.988728
1175,41.814213,45.9281
1176,41.235878,46.430523
1177,44.59612,35.2
1178,44.989223,36.313137
1179,41.814213,35.9
1180,45.435703,49.4867
1181,42.93286,63.806667
1182,43.40235,41.1911
1183,22.15841,-17.533333
1184,31.549538,56.133335
1185,37.04318,38.434723
1186,44.66961,61.93611
1187,44.69107,62.30369
1188,42.233486,41.1928
1189,39.806725,50.3611
1190,45.222385,53.7436
1191,44.509903,42.29639
1192,43.52926,61.265278
1193,41.814213,53.25
1194,42.83227,51.9
1195,45.334595,47.61
1196,41.814213,35.854443
1197,41.74137,43.93722
1198,41.814213,54.11
1199,42.235764,46.116665
1200,38.873238,45.919445
1201,39.75643,33.677223
1202,45.162994,46.833332
1203,44.31852,46.416668
1204,36.386497,45.91718
1205,41.235878,36.316666
1206,42.760685,50.9967
1207,42.281338,44.795277
1208,30.044037,34.85
1209,41.235878,-2.7333333
1210,42.759953,59.2333
1211,44.291725,59.289
1212,35.168327,41.89
1213,39.06815,38.18
1214,41.235878,34.766666
1215,36.989388,39.89222
1216,37.32872,45.0
1217,42.252205,39.822445
1218,41.173233,40.92948
1219,39.75643,40.843895
1220,42.6979,41.050262
1221,46.019188,41.23916
1222,41.814213,37.6
1223,42.395504,44.95
1224,41.493546,45.2
1225,42.41385,45.6557
1226,44.551044,45.183334
1227,45.621143,60.76889
1228,44.929344,45.45
1229,41.87092,45.0
1230,41.814213,45.016666
1231,43.871117,44.98586
1232,41.536903,39.322224
1233,42.478077,45.25
1234,40.69932,45.566666
1235,39.75643,42.5
1236,42.247856,42.6
1237,43.1985,45.033333
1238,46.663757,45.183334
1239,44.1792,45.616665
1240,46.61637,45.766666
1241,44.275032,42.357346
1242,43.64724,45.683334
1243,42.45706,45.733334
1244,27.449472,-6.079167
1245,40.5753,45.683334
1246,41.814213,45.65
1247,41.814213,45.7
1248,45.53134,34.916668
1249,44.764275,43.73389
1250,40.66692,45.833332
1251,36.64793,51.616665
1252,23.101017,44.5
1253,35.98143,43.56
1254,42.303238,40.516666
1255,41.832592,44.95
1256,18.38668,1.0
1257,42.303246,41.116665
1258,41.23441,43.23322
1259,35.94898,42.33194
1260,41.23352,12.11
1261,44.339172,32.0
1262,36.93464,38.69
1263,45.921665,47.72333
1264,45.454742,47.670555
1265,41.814213,34.863056
1266,42.089306,44.807777
1267,41.402225,36.765835
1268,39.263687,41.8891
1269,39.807438,52.5902
1270,45.71469,50.87818
1271,39.359516,46.716667
1272,42.226704,40.96343
1273,42.426094,38.3
1274,34.017124,39.018612
1275,41.618076,39.8
1276,40.950268,39.4
1277,45.330032,46.6345
1278,40.131874,37.842777
1279,37.088066,36.981667
1280,43.68087,43.641388
1281,36.680077,31.21
1282,37.06229,45.566666
1283,43.83255,35.128334
1284,40.34201,40.12
1285,41.374657,39.681694
1286,41.148056,39.700054
1287,39.493607,35.338833
1288,41.95442,40.065277
1289,36.22678,46.592777
1290,39.79445,39.947617
1291,41.708244,39.8807
1292,41.814213,40.21513
1293,46.01445,54.07139
1294,37.992012,39.823566
1295,44.766487,40.11028
1296,31.176405,34.983334
1297,39.75643,37.46
1298,41.521786,46.83917
1299,42.16036,46.083332
1300,40.017445,40.846943
1301,37.690243,35.7424
1302,46.555515,40.451946
1303,41.165607,40.58487
1304,41.235878,45.85
1305,39.01546,45.666668
1306,44.62305,50.8081
1307,46.17484,45.666668
1308,44.314705,35.04089
1309,40.74566,45.7
1310,39.87577,-3.1291666
1311,44.572754,45.75
1312,43.574623,45.266666
1313,41.235878,48.704445
1314,42.270584,45.866665
1315,42.18091,46.05669
1316,37.876953,44.733334
1317,41.814213,45.833332
1318,40.896275,45.916668
1319,40.78579,46.0349
1320,40.16446,45.0
1321,41.274467,45.9613
1322,44.66826,45.116665
1323,43.589725,44.966667
1324,45.706814,45.2
1325,43.35405,38.9437
1326,41.814213,46.416668
1327,41.09642,60.77
1328,43.082848,27.15
1329,39.808372,45.133335
1330,44.086205,43.697777
1331,39.75643,9.75
1332,39.75643,9.616667
1333,41.814213,10.033334
1334,38.937298,9.6
1335,41.814213,45.11028
1336,44.23264,45.15
1337,18.83032,10.116667
1338,44.80224,45.633335
1339,40.72986,45.12489
1340,41.235878,45.67
1341,40.881344,45.983334
1342,41.89497,39.16083
1343,37.883583,46.567
1344,41.814213,45.765835
1345,43.392323,45.233334
1346,44.576096,46.166668
1347,33.703545,46.083332
1348,42.82912,46.46278
1349,45.534782,63.3067
1350,41.814213,44.933334
1351,45.834377,46.15
1352,40.720695,45.05
1353,41.814213,45.6
1354,43.16382,34.63
1355,45.450596,52.162224
1356,38.11725,47.89
1357,45.538635,47.865555
1358,41.235878,34.04
1359,43.854965,52.439445
1360,41.814213,33.5025
1361,42.862133,46.74623
1362,43.564857,45.316666
1363,35.223946,40.45
1364,43.076324,45.016666
1365,41.023796,45.183334
1366,41.814213,45.15
1367,40.55392,45.134445
1368,38.94296,45.19951
1369,44.10357,45.137222
1370,44.765877,45.366665
1371,34.096584,45.51389
1372,41.235878,45.333332
1373,41.814213,45.3
1374,43.315353,45.4
1375,41.14167,45.383335
1376,36.202858,45.55
1377,44.336422,45.466667
1378,42.9714,45.55
1379,44.392334,45.333332
1380,41.22001,45.57
1381,46.434696,45.066666
1382,33.835995,39.09
1383,41.62772,45.11957
1384,41.9635,-8.233334
1385,41.814213,46.0759
1386,44.106956,46.65542
1387,41.130116,46.55459
1388,42.874344,45.816666
1389,41.235878,45.583332
1390,46.682594,45.816666
1391,38.613766,45.716667
1392,41.236343,45.2
1393,44.19168,45.166668
1394,41.83184,45.4
1395,43.602577,45.533333
1396,44.502968,45.916668
1397,40.78655,45.5
1398,44.83805,45.25
1399,40.775482,45.2075
1400,43.611538,45.168335
1401,24.852993,34.406666
1402,41.66252,45.066666
1403,27.036564,-3.3666666
1404,45.428925,45.333332
1405,36.43038,45.8
1406,44.365974,45.4
1407,42.57781,37.480835
1408,39.205883,37.62417
1409,37.477737,38.19
1410,24.815447,43.833332
1411,39.75643,47.253475
1412,29.707607,37.81972
1413,41.235878,38.34
1414,35.45547,40.2
1415,35.871124,36.516666
1416,38.176796,48.116665
1417,44.84027,51.8667
1418,34.79487,39.44
1419,42.252316,44.780834
1420,44.70465,59.913334
1421,41.013424,52.033333
1422,39.75643,63.43667
1423,40.38032,48.195
1424,44.37696,50.033333
1425,41.814213,34.289444
1426,36.389465,45.45
1427,34.00274,17.739721
1428,42.93769,45.6
1429,43.904137,43.219166
1430,37.28453,39.625557
1431,43.99617,40.753334
1432,36.40166,45.484722
1433,44.86106,52.165833
1434,44.84326,47.439445
1435,37.23893,16.9
1436,39.909332,45.790554
1437,40.89166,50.283333
1438,37.563694,58.7
1439,40.65513,54.533333
1440,44.57972,38.0786
1441,41.759537,45.733334
1442,44.96349,44.884445
1443,41.33239,45.86667
1444,42.570446,41.17472
1445,45.96229,45.37954
1446,40.12484,35.3282
1447,45.966213,48.931667
1448,41.515152,45.65
1449,44.670807,45.7
1450,33.8947,38.730278
1451,41.03634,34.942924
1452,37.78872,45.823612
1453,46.195885,45.383335
1454,44.19126,45.323055
1455,37.32486,40.78361
1456,39.756496,34.428806
1457,45.076363,53.55951
1458,35.3609,34.807304
1459,39.507904,34.709167
1460,41.814213,45.4
1461,37.165867,45.41
1462,41.901752,45.683334
1463,35.028152,45.38525
1464,40.589645,45.916668
1465,39.953236,34.71799
1466,44.43907,46.60949
1467,43.239014,46.049446
1468,46.037033,45.783333
1469,41.235878,46.8801
1470,45.072426,48.225
1471,43.240456,45.9
1472,40.188744,45.683334
1473,41.25358,45.216667
1474,45.15262,34.99862
1475,41.235878,46.12999
1476,39.559486,46.1125
1477,36.838253,37.6
1478,41.814213,37.583332
1479,44.214397,37.283333
1480,42.235477,37.333332
1481,38.275734,37.616665
1482,45.38457,37.333332
1483,43.62954,37.466667
1484,40.900887,45.18936
1485,41.814213,34.71571
1486,42.865982,45.54009
1487,38.691223,37.966667
1488,44.42283,45.616665
1489,39.136772,48.45
1490,37.668495,41.144165
1491,41.814213,37.21361
1492,39.936348,36.416668
1493,41.835922,34.906803
1494,45.95652,60.25
1495,41.235878,31.89
1496,45.826878,70.945274
1497,45.755116,59.373055
1498,41.488472,60.69639
1499,41.814213,41.514168
1500,36.291706,42.46472
1501,39.64267,33.94
1502,35.652687,46.01
1503,45.002495,39.66
1504,38.95267,38.948334
1505,45.13228,62.38962
1506,41.814213,46.14
1507,37.72327,40.13
1508,45.17843,40.56
1509,41.2444,43.355556
1510,45.322906,69.44444
1511,39.75643,38.14
1512,41.235878,41.95
1513,36.594196,32.74
1514,39.75643,47.33
1515,39.75643,40.03
1516,32.19457,31.15889
1517,34.928047,33.74
1518,41.814213,70.13
1519,45.283775,60.37
1520,41.229,61.060555
1521,40.635532,-33.715
1522,46.443527,53.85
1523,38.18675,49.05
1524,39.75643,41.79
1525,36.960297,41.4468
1526,41.23588,49.033333
1527,43.42272,29.8
1528,40.336475,34.75
1529,46.19761,27.91
1530,42.66955,27.34
1531,37.727238,43.72
1532,39.75643,47.46
1533,41.814213,43.21
1534,39.75643,39.61
1535,39.75643,38.04
1536,44.365654,37.1
1537,38.168842,40.52861
1538,33.279366,36.91
1539,39.75643,39.38
1540,40.607265,37.82
1541,43.942413,39.83
1542,45.143143,39.81
1543,36.72965,40.3928
1544,34.14219,30.79
1545,38.592834,36.11
1546,37.17074,44.72
1547,41.814213,45.44
1548,38.228466,44.41
1549,41.8527,37.866665
1550,41.973457,37.75
1551,43.05761,38.133335
1552,39.31897,37.9
1553,44.296867,32.02
1554,39.75643,34.626945
1555,44.904793,61.34837
1556,41.92955,38.05
1557,39.418015,37.75
1558,37.00183,41.75
1559,44.437912,39.09
1560,33.32168,37.87
1561,41.814213,37.83
1562,36.454617,37.59
1563,41.235878,42.56
1564,41.814213,37.9
1565,41.235916,37.816666
1566,44.104282,38.0
1567,42.404392,37.916668
1568,41.235878,39.26
1569,36.444664,33.79
1570,39.573753,49.16
1571,35.017746,32.08
1572,43.01632,37.9
1573,30.794441,42.706944
1574,43.65738,36.72
1575,30.671593,38.24
1576,41.235878,32.16
1577,45.26296,38.10823
1578,36.236595,31.799166
1579,40.06775,38.4533
1580,42.71014,30.88
1581,44.67169,34.86
1582,42.168655,31.16
1583,41.814213,47.88
1584,37.32803,47.8167
1585,38.700935,38.09246
1586,35.59826,37.983334
1587,46.614326,38.233334
1588,38.410587,38.1
1589,40.161026,59.316666
1590,32.391132,43.5
1591,44.556274,47.325897
1592,43.741283,40.51
1593,43.104683,27.38
1594,40.453182,31.092222
1595,41.235878,35.28
1596,45.56274,50.20268
1597,40.893837,36.55
1598,37.136265,46.71
1599,34.984936,44.73
1600,43.88422,35.15
1601,41.807358,36.06
1602,39.13584,37.17
1603,36.452618,45.455276
1604,45.6183,45.07
1605,45.92972,44.55
1606,42.518463,41.52
1607,43.26351,38.15623
1608,43.79122,39.79
1609,35.184746,36.74
1610,43.830437,47.11
1611,34.644184,48.36
1612,41.814213,38.1
1613,35.241,41.31
1614,36.757946,37.966667
1615,33.31388,-33.765
1616,41.814213,39.4275
1617,41.00112,36.88
1618,41.2018,33.03
1619,41.814213,31.76
1620,45.17353,57.925
1621,41.814213,41.366943
1622,45.58384,58.383335
1623,36.325916,57.516666
1624,39.756805,58.758236
1625,41.7305,41.97361
1626,32.566936,42.300278
1627,41.814213,46.05
1628,35.974915,41.886665
1629,40.868603,42.03389
1630,41.814213,43.91
1631,40.341145,44.11
1632,41.814213,43.81
1633,38.772556,42.67
1634,39.75643,29.28
1635,37.565216,42.291943
1636,41.235878,34.81111
1637,45.973732,41.865276
1638,39.968056,41.77778
1639,41.116577,41.956112
1640,39.75643,39.283333
1641,38.149834,41.975555
1642,41.24486,41.45
1643,44.73105,39.02
1644,43.548054,42.064167
1645,40.315826,35.73
1646,39.75643,36.28
1647,45.036377,37.84
1648,46.262096,53.58
1649,33.47448,36.08
1650,45.169537,55.879417
1651,44.803276,36.28
1652,33.630363,34.766666
1653,41.814213,40.29
1654,30.85177,36.17
1655,44.546246,33.08
1656,44.092014,34.69
1657,41.814213,35.2
1658,33.98523,39.87
1659,33.376926,34.294445
1660,41.814213,37.66
1661,44.324104,48.766666
1662,36.607178,34.368057
1663,37.22888,36.74
1664,41.814213,32.4
1665,41.235878,55.68139
1666,38.62104,49.583057
1667,39.343594,38.51
1668,34.20305,37.7
1669,44.934902,65.083336
1670,41.28177,48.31278
1671,44.202904,61.016666
1672,37.8096,40.58
1673,45.79703,51.216667
1674,43.46611,61.116665
1675,38.616356,46.76833
1676,41.235878,46.73901
1677,41.61885,46.73813
1678,41.366173,39.87
1679,35.420513,40.85
1680,41.532196,42.59
1681,38.79325,44.600075
1682,42.20092,36.71
1683,26.158703,37.12
1684,34.381935,38.564724
1685,44.83046,36.77
1686,44.32998,48.85
1687,39.75643,59.533333
1688,35.197224,41.04
1689,39.75643,38.31
1690,42.173996,45.132915
1691,41.30616,39.62
1692,33.299297,39.78
1693,43.53482,36.41
1694,36.926308,31.56
1695,39.75643,30.82
1696,43.724106,35.15
1697,25.835756,30.12
1698,43.422848,35.64
1699,44.05938,47.5667
1700,45.215492,34.99
1701,45.66494,48.8
1702,41.814213,41.10063
1703,41.814213,56.616665
1704,20.481556,-33.798332
1705,42.39733,36.72
1706,46.313583,54.769722
1707,43.884483,59.56778
1708,39.096558,46.11
1709,32.98325,46.98
1710,44.06832,56.066666
1711,41.814213,34.94
1712,44.175514,35.05
1713,36.574703,35.3
1714,43.586876,42.016666
1715,42.688282,42.15
1716,46.697746,57.483334
1717,41.814213,66.61667
1718,44.280205,41.95
1719,40.629585,42.296665
1720,41.675217,42.25
1721,37.462322,42.3
1722,41.12162,42.0
1723,37.285973,41.983334
1724,43.48546,42.12323
1725,43.227272,32.86139
1726,41.814213,30.13
1727,31.453382,32.0
1728,44.312378,38.02
1729,38.526855,30.87
1730,41.76883,42.033333
1731,41.15802,48.666668
1732,38.31545,42.516666
1733,41.236095,42.233334
1734,44.27352,42.75
1735,41.88305,42.533333
1736,42.643333,42.771946
1737,37.16367,42.55
1738,43.325737,42.65
1739,42.52337,42.55
1740,45.787926,55.633335
1741,39.75643,58.448334
1742,45.03189,50.335278
1743,43.659462,34.850277
1744,44.174507,40.9
1745,42.505836,40.433334
1746,38.266075,41.166668
1747,41.28775,41.216667
1748,40.25991,40.40278
1749,36.749046,40.7
1750,41.52558,40.45
1751,39.953358,43.52889
1752,32.884483,35.6941
1753,37.87524,43.6725
1754,43.07388,43.564445
1755,44.74537,43.710556
1756,45.50251,48.44745
1757,43.122704,42.375
1758,46.03117,40.166668
1759,34.568317,34.64575
1760,37.81205,39.866665
1761,39.845898,40.806667
1762,41.814213,40.1
1763,43.00657,40.283333
1764,41.235878,44.216667
1765,45.882507,40.583332
1766,41.814213,44.266666
1767,42.619076,40.566666
1768,36.594902,40.533333
1769,35.51319,40.65
1770,40.546925,40.766666
1771,45.060192,40.47861
1772,42.213425,40.15
1773,41.235497,40.083332
1774,42.67416,40.366665
1775,41.814213,40.083332
1776,44.66857,40.383335
1777,46.051617,40.516666
1778,35.774998,40.983334
1779,44.477562,47.11028
1780,39.460754,40.566666
1781,44.675255,43.65
1782,45.930363,48.533333
1783,37.507843,34.780556
1784,46.29315,50.306034
1785,41.235878,44.166668
1786,45.524597,52.593334
1787,45.9953,45.866665
1788,43.090942,45.933334
1789,42.971996,45.8
1790,38.98883,46.2
1791,45.858253,46.05
1792,41.814213,46.233334
1793,41.58689,45.983334
1794,41.441635,34.593887
1795,41.814213,34.916668
1796,41.643326,46.05
1797,43.325146,46.283333
1798,42.931858,45.866665
1799,42.665394,46.15554
1800,45.767345,48.551945
1801,46.241543,43.426388
1802,44.95618,46.116665
1803,42.13154,46.11861
1804,41.758453,46.46624
1805,36.31597,46.126945
1806,42.990345,46.25
1807,41.814213,45.816666
1808,37.7179,45.883335
1809,38.244385,46.33031
1810,36.171967,45.8925
1811,44.927578,44.25
1812,35.33809,39.016666
1813,41.235912,38.733334
1814,43.592953,48.283333
1815,39.056828,35.5471
1816,38.041363,37.058174
1817,41.814213,38.85
1818,35.26424,-37.7667
1819,33.666557,-34.7753
1820,44.42193,48.614445
1821,43.85019,34.072487
1822,38.42089,35.256397
1823,44.789154,36.5269
1824,38.3951,36.4862
1825,41.88903,36.4763
1826,39.291203,35.424305
1827,42.13277,46.043335
1828,35.607906,36.1204
1829,41.782135,56.326946
1830,40.933197,35.5943
1831,38.951283,35.704
1832,44.787086,35.3552
1833,43.64476,38.716667
1834,34.59024,39.1
1835,42.542755,35.644314
1836,40.41075,34.810165
1837,35.607906,35.5058
1838,35.607906,35.9169
1839,44.511086,-37.887
1840,39.75643,53.138332
1841,40.543808,38.95
1842,45.631737,39.0
1843,41.39009,45.20139
1844,45.572956,35.950687
1845,41.235878,43.1167
1846,46.39612,59.116665
1847,45.9074,47.69639
1848,46.285843,39.683334
1849,41.56997,39.49627
1850,41.24295,39.083332
1851,44.505035,48.115833
1852,43.6933,39.466667
1853,45.4644,52.166668
1854,40.705,39.3
1855,38.268982,39.17063
1856,45.725525,39.616665
1857,42.764194,39.8096
1858,45.336136,39.433334
1859,38.274075,39.766666
1860,42.607582,43.660557
1861,36.334892,41.722603
1862,46.72907,43.556667
1863,45.123497,43.38861
1864,35.863697,38.966667
1865,41.68125,49.19149
1866,43.975952,48.495556
1867,40.60111,44.53472
1868,39.804546,37.96389
1869,42.07772,38.016666
1870,28.36683,-37.7882
1871,44.372124,38.216667
1872,41.440178,38.316666
1873,43.739727,38.1
1874,43.235054,14.758056
1875,35.26424,14.916667
1876,41.814213,38.266666
1877,44.827324,38.233334
1878,45.20806,38.416668
1879,43.554695,39.015163
1880,36.86921,38.666668
1881,41.814213,38.583332
1882,31.98611,38.65
1883,41.73493,38.7
1884,44.127922,43.082222
1885,41.235878,44.073055
1886,45.513718,49.016666
1887,41.814213,39.833332
1888,43.687603,41.008057
1889,43.949436,40.987778
1890,42.671043,40.96
1891,41.814213,40.95361
1892,41.814213,40.783333
1893,42.506626,41.39722
1894,41.62984,41.048332
1895,41.814213,40.93222
1896,41.814213,41.019165
1897,41.814213,40.97361
1898,33.967255,40.954723
1899,35.647747,40.982224
1900,43.180374,40.879166
1901,40.128456,34.72272
1902,40.66489,38.306
1903,41.22496,45.21891
1904,42.237297,42.914444
1905,28.802374,32.5751
1906,45.049484,37.434723
1907,43.717804,41.45
1908,38.31257,41.133335
1909,39.07689,41.06286
1910,41.814213,41.283333
1911,43.97895,41.283333
1912,40.774708,41.25
1913,42.87631,41.05
1914,41.258232,41.183334
1915,42.979683,41.133335
1916,42.631985,48.416668
1917,44.810043,43.050888
1918,39.75643,35.489647
1919,35.54855,39.2194
1920,44.67732,48.333332
1921,41.235878,51.766666
1922,46.33584,43.84667
1923,41.814213,48.616665
1924,44.98837,52.40222
1925,35.607906,35.536
1926,44.173378,50.483334
1927,37.93871,49.5
1928,39.75643,35.7948
1929,28.4882,35.69417
1930,42.226955,48.290554
1931,45.882053,49.503532
1932,38.545685,40.91333
1933,43.826088,50.009365
1934,46.19677,43.828056
1935,43.950405,43.42361
1936,34.404697,43.818054
1937,41.814213,43.56111
1938,41.62013,48.766666
1939,32.80633,32.73861
1940,37.694656,41.25
1941,45.271214,47.335957
1942,45.345375,47.500423
1943,42.29357,41.218887
1944,39.443367,47.244072
1945,38.5379,47.40393
1946,39.75643,47.46199
1947,43.800674,47.25903
1948,31.835793,41.183334
1949,38.990868,41.05
1950,45.1985,49.65
1951,39.75643,42.55929
1952,41.814213,41.4
1953,42.42286,40.966667
1954,41.235878,41.183334
1955,40.83029,41.166668
1956,40.851475,41.333332
1957,41.035183,41.433334
1958,40.29844,45.018612
1959,45.714077,48.5375
1960,44.982166,41.083332
1961,45.308445,41.25
1962,45.06675,47.180557
1963,45.5158,40.48721
1964,42.0683,45.940834
1965,41.441246,43.109768
1966,44.2825,43.192142
1967,41.384663,42.98822
1968,45.401253,47.7025
1969,41.41948,43.09737
1970,42.273987,43.16111
1971,45.482758,44.345833
1972,43.750336,46.55111
1973,44.613297,42.900833
1974,41.814213,46.220554
1975,41.814213,48.0092
1976,41.554104,49.413612
1977,45.53865,44.253334
1978,45.639275,49.11111
1979,34.49804,44.357777
1980,37.281006,39.0367
1981,41.23764,45.52111
1982,37.53614,47.04536
1983,39.61048,42.583332
1984,44.1385,43.018612
1985,44.728996,48.443054
1986,41.814213,44.25083
1987,34.88561,35.535
1988,34.331383,36.306946
1989,44.56028,34.793335
1990,33.96006,35.925556
1991,43.662605,46.358334
1992,35.276012,26.351944
1993,40.387337,34.577187
1994,39.75643,39.886665
1995,39.75643,38.05528
1996,35.259804,35.38828
1997,21.214039,35.495834
1998,35.251705,34.99623
1999,41.814213,34.736946
2000,30.613077,34.414585
2001,43.255215,34.756943
2002,38.620403,35.4875
2003,23.257477,36.028736
2004,31.237932,35.014336
2005,20.727068,40.442654
2006,40.050995,34.798046
2007,36.21723,35.287777
2008,35.250565,37.112713
2009,41.532505,35.122
2010,43.662315,35.120438
2011,36.182125,34.696415
2012,40.325336,35.431667
2013,44.89145,61.066666
2014,39.75643,51.683334
2015,44.789726,-35.336
2016,45.968376,49.969166
2017,41.235878,52.216667
2018,46.426445,50.7
2019,42.842606,47.366665
2020,46.101387,43.859444
2021,41.441307,48.56972
2022,45.54435,51.15
2023,45.22554,44.193333
2024,43.244667,44.33361
2025,41.235878,8.8219
2026,45.541687,49.252777
2027,39.75643,9.0518
2028,45.39344,47.9825
2029,45.56562,50.92
2030,46.29315,53.783054
2031,45.29575,52.42472
2032,40.41075,48.84
2033,43.044746,42.995834
2034,44.542763,51.163612
2035,43.36426,43.993057
2036,35.607906,34.974
2037,41.417503,44.245556
2038,41.92605,44.22
2039,45.987026,49.56618
2040,45.14504,43.232777
2041,41.33777,44.031944
2042,42.170883,44.020832
2043,33.63,43.879166
2044,41.992233,35.893307
2045,37.508205,34.912537
2046,33.535576,34.916943
2047,44.226753,44.350555
2048,44.20894,42.855835
2049,44.846424,52.435833
2050,34.70663,43.43111
2051,40.03544,54.9632
2052,29.139786,35.032257
2053,30.285137,35.33911
2054,43.245148,34.726955
2055,38.765327,43.46611
2056,43.69785,44.11639
2057,45.190865,46.263332
2058,44.128204,47.859444
2059,41.814213,44.142223
2060,46.291313,53.551945
2061,31.736198,78.60917
2062,44.49855,43.735554
2063,46.8064,47.574722
2064,40.958714,48.24111
2065,45.254295,48.12583
2066,45.024055,42.775555
2067,45.609444,40.85472
2068,42.745808,42.793888
2069,37.490295,34.862286
2070,44.731056,43.394722
2071,19.660788,-37.85
2072,31.781237,43.56333
2073,41.235878,44.7767
2074,33.36082,42.97
2075,44.312054,48.124443
2076,43.99336,42.95972
2077,45.76361,47.34083
2078,41.814213,43.351665
2079,43.332672,44.521667
2080,41.235878,47.166668
2081,41.552067,46.449165
2082,39.75643,46.033333
2083,44.56301,43.092777
2084,41.814213,43.24389
2085,45.349968,43.051388
2086,43.036133,43.79889
2087,42.61609,43.689724
2088,43.57505,42.759445
2089,45.280777,47.03143
2090,45.367943,47.718334
2091,43.59802,47.675835
2092,44.105835,48.37472
2093,44.878227,52.50722
2094,41.814213,45.264168
2095,42.52718,34.808876
2096,46.015137,42.877777
2097,45.31064,43.066944
2098,39.75643,46.66581
2099,41.235878,48.860832
2100,43.523243,43.5225
2101,44.897453,34.7986
2102,41.030922,43.885277
2103,36.88089,34.809166
2104,37.272957,34.75791
2105,44.055763,44.38389
2106,43.77734,34.803215
2107,38.475136,36.806667
2108,35.83889,35.4776
2109,37.95484,35.4956
2110,34.425915,36.685276
2111,23.841816,-2.639722
2112,44.47991,28.56694
2113,41.814213,47.998333
2114,41.814213,42.393055
2115,41.814213,-34.72
2116,33.986385,-34.716667
2117,43.870056,42.37611
2118,44.01664,39.9812
2119,40.912975,42.996666
2120,45.634544,48.139446
2121,41.530952,34.74222
2122,41.235878,41.088245
2123,41.814213,47.955833
2124,45.913548,48.798332
2125,43.06917,34.97416
2126,41.235878,40.95
2127,46.10993,40.9
2128,45.858078,40.694443
2129,45.628387,45.0325
2130,43.1855,44.888054
2131,42.3739,40.933334
2132,44.635044,44.72972
2133,46.003384,40.7
2134,39.825695,55.871387
2135,43.28752,40.916668
2136,44.49768,40.933334
2137,39.365425,34.9075
2138,39.75643,49.12389
2139,46.02572,49.53036
2140,45.642353,47.650276
2141,35.071297,40.966667
2142,46.39939,49.527267
2143,45.087303,49.539967
2144,42.752068,40.916668
2145,37.985985,34.74278
2146,43.599106,43.20361
2147,44.973984,40.766666
2148,40.740166,48.00639
2149,45.91616,43.16417
2150,45.192932,43.040554
2151,35.331776,42.9934
2152,43.71106,44.936943
2153,33.920174,37.0411
2154,42.250572,49.455276
2155,46.33058,42.988056
2156,47.013245,60.316666
2157,45.258125,43.35
2158,46.74562,43.128334
2159,37.119514,32.155556
2160,41.814213,43.573334
2161,18.43285,34.74
2162,45.035225,41.322598
2163,43.332733,43.981945
2164,44.058197,43.266666
2165,43.248287,40.924168
2166,41.814213,42.808613
2167,45.57849,40.909443
2168,41.23352,43.59505
2169,38.6123,34.91773
2170,43.182854,43.37583
2171,42.6639,44.86861
2172,44.75403,44.484444
2173,41.425686,47.90167
2174,45.360313,44.478333
2175,41.814213,44.464443
2176,42.48034,34.759914
2177,41.959274,35.80672
2178,36.609116,35.6142
2179,45.389126,43.42972
2180,40.04055,49.083332
2181,45.312485,43.61639
2182,39.158257,47.34639
2183,45.2984,49.037777
2184,41.814213,34.785522
2185,42.130196,35.882576
2186,43.93019,48.029167
2187,45.214905,43.3575
2188,29.940374,34.6128
2189,46.452637,43.900555
2190,29.910007,34.878334
2191,44.54908,45.799446
2192,40.961693,38.2919
2193,39.613335,36.1171
2194,45.64776,51.013054
2195,46.440056,43.018612
2196,44.39347,48.506943
2197,43.671738,44.921944
2198,40.67033,48.011665
2199,45.64112,45.699444
2200,46.88273,43.797222
2201,40.006798,43.81333
2202,45.87176,48.335556
2203,45.233566,44.022778
2204,41.717873,46.4036
2205,39.589775,35.29639
2206,35.89916,35.8057
2207,43.41211,35.8667
2208,46.42152,56.732388
2209,40.41075,38.2587
2210,39.23162,35.02496
2211,43.27531,56.566666
2212,40.62119,35.9145
2213,35.647324,39.27718
2214,40.41075,51.244446
2215,44.73776,44.825813
2216,30.866482,34.769722
2217,33.566456,35.69173
2218,39.75643,35.705276
2219,45.644985,47.39119
2220,45.888836,50.880833
2221,45.623413,47.05392
2222,40.41075,49.1098
2223,36.866272,47.507923
2224,42.157307,35.69574
2225,44.465134,43.821945
2226,36.03171,43.06861
2227,20.964966,38.2142
2228,38.41039,47.434544
2229,44.97393,47.288044
2230,37.774315,23.292778
2231,20.801912,35.588413
2232,39.75643,34.663673
2233,40.38797,40.433334
2234,41.235878,40.566666
2235,41.899117,40.783333
2236,42.683945,40.25
2237,45.027634,38.43889
2238,38.911118,40.066666
2239,33.319973,40.616943
2240,41.436234,40.621387
2241,44.170605,44.815277
2242,44.042053,40.35
2243,38.3062,40.65
2244,40.606777,69.0
2245,45.2976,40.627777
2246,42.865013,40.666668
2247,46.723125,40.628056
2248,44.3723,40.716667
2249,44.365494,40.116665
2250,41.814213,40.79109
2251,38.738937,40.45
2252,46.340717,43.806946
2253,45.013763,40.65
2254,38.226986,42.935276
2255,41.814213,40.266666
2256,41.814213,43.237778
2257,41.706734,40.3102
2258,40.93188,37.636776
2259,35.03695,40.383335
2260,41.235878,43.606945
2261,37.44654,40.233334
2262,45.7128,43.176388
2263,41.216427,34.8103
2264,27.738144,35.333332
2265,45.36007,48.0
2266,45.93858,43.656944
2267,45.5111,43.7942
2268,46.67964,43.561443
2269,41.164192,48.90861
2270,37.856926,43.3146
2271,41.814213,43.0819
2272,42.42554,43.22141
2273,45.54692,43.37462
2274,45.70833,47.34667
2275,45.909134,43.175835
2276,46.09114,53.3893
2277,44.818886,37.011944
2278,41.814213,40.1
2279,37.757385,45.193054
2280,44.858536,47.111668
2281,45.621628,45.754166
2282,45.532333,46.752777
2283,45.91613,43.12639
2284,46.19313,43.34028
2285,44.790764,43.43722
2286,43.320137,44.059444
2287,45.05497,46.310833
2288,34.94786,35.89
2289,44.766445,43.140278
2290,34.622025,36.359444
2291,41.554955,52.8
2292,41.814213,43.190277
2293,39.75643,35.9427
2294,42.2389,35.69336
2295,41.288773,46.308334
2296,37.43753,35.6501
2297,38.41005,35.903233
2298,37.178047,35.890816
2299,44.892097,48.226665
2300,45.145477,44.00889
2301,40.598183,36.103333
2302,38.19532,24.036112
2303,35.55723,35.463078
2304,39.75643,34.76408
2305,43.822456,49.118057
2306,39.34312,49.108055
2307,42.369057,48.1131
2308,46.605507,49.528057
2309,42.771713,34.7676
2310,39.17975,34.8194
2311,41.995293,34.8273
2312,39.589542,43.237778
2313,39.75643,34.32528
2314,39.795643,34.3817
2315,38.901615,35.542957
2316,41.380676,49.67
2317,45.817577,43.406944
2318,45.480404,43.419445
2319,40.564457,43.505833
2320,44.100834,43.97167
2321,41.814213,44.09028
2322,38.411804,44.07
2323,38.597725,36.3938
2324,16.694008,50.533333
2325,44.266457,44.19389
2326,46.616604,43.95361
2327,41.837494,43.674446
2328,44.761612,43.784443
2329,31.03921,33.016666
2330,41.836098,48.22278
2331,44.569298,49.363888
2332,39.993515,43.830833
2333,45.00985,44.268612
2334,46.45343,53.4325
2335,32.050713,42.08139
2336,46.018505,44.162224
2337,38.1018,26.65
2338,39.691017,38.5217
2339,33.511864,43.6136
2340,38.900177,41.1456
2341,45.950554,41.0806
2342,41.45578,49.488335
2343,46.304268,49.769722
2344,42.58524,30.213888
2345,34.03421,35.00282
2346,40.803375,44.038055
2347,39.68376,32.8
2348,44.848045,37.6806
2349,39.75643,36.038612
2350,39.75643,38.2669
2351,43.785484,38.824165
2352,45.45733,49.19528
2353,41.204887,40.75
2354,41.235878,31.453056
2355,29.28363,32.468056
2356,29.458735,43.53639
2357,36.74164,43.046944
2358,37.078224,35.005833
2359,40.335983,36.13139
2360,43.532402,46.384407
2361,41.814213,14.45
2362,41.438744,50.00998
2363,40.62273,45.316666
2364,43.560394,45.116665
2365,40.41075,39.1392
2366,45.020287,42.871666
2367,45.155838,35.7099
2368,46.382267,50.419
2369,45.691574,-25.0687
2370,42.0777,45.416668
2371,41.814213,38.970276
2372,46.000748,51.7667
2373,41.235878,58.246944
2374,42.51504,44.824444
2375,41.814213,40.76139
2376,41.059677,46.378613
2377,37.24133,34.070557
2378,43.534714,42.966667
2379,42.125538,43.066666
2380,43.38584,45.066666
2381,44.178696,50.8
2382,38.345055,43.059166
2383,41.814213,47.66028
2384,41.814213,43.283333
2385,41.459793,45.35
2386,44.719296,45.4
2387,45.33139,45.84833
2388,43.821518,47.5625
2389,44.856636,47.55
2390,40.050995,53.840275
2391,45.91078,43.185
2392,42.649323,44.052223
2393,41.932137,34.928516
2394,45.804703,43.436943
2395,41.814213,51.8333
2396,45.787292,49.431118
2397,46.021774,49.49448
2398,40.49819,49.50462
2399,39.076424,49.423115
2400,43.605434,43.03611
2401,39.381947,43.779724
2402,39.69109,35.74381
2403,35.50292,34.28
2404,43.15583,60.40861
2405,36.87368,41.6376
2406,38.418114,45.266666
2407,40.853138,40.710922
2408,44.90957,42.37907
2409,41.814213,44.185
2410,44.72032,49.4843
2411,43.63607,43.816944
2412,41.814213,45.45
2413,46.31417,43.381943
2414,38.725548,49.612488
2415,42.800774,43.985832
2416,45.48356,49.4703
2417,41.814213,44.56389
2418,44.101795,41.90889
2419,41.235878,44.61758
2420,42.849472,45.033333
2421,45.371124,44.65
2422,43.19718,44.666668
2423,41.96241,44.4
2424,44.771816,45.736946
2425,41.814213,45.57611
2426,41.223118,45.988888
2427,43.381626,45.660557
2428,41.814213,44.88944
2429,45.556274,44.81598
2430,46.117874,42.890278
2431,43.467392,42.959446
2432,45.138374,48.094723
2433,44.142914,44.85
2434,38.388725,43.185833
2435,38.48326,40.719444
2436,44.087708,43.815834
2437,42.10098,43.43833
2438,41.814213,50.8858
2439,41.40519,11.595
2440,44.840492,50.9679
2441,38.610474,43.038334
2442,45.38118,51.7525
2443,45.73509,51.5992
2444,46.145638,34.6938
2445,45.09443,41.16228
2446,41.814213,50.92145
2447,45.16107,49.67761
2448,45.121166,43.883335
2449,44.024673,48.091667
2450,38.652565,52.5019
2451,39.75643,52.8783
2452,41.3853,44.256943
2453,45.532005,43.42472
2454,44.347557,43.88639
2455,41.057194,43.5725
2456,42.68591,44.01278
2457,40.752304,44.184166
2458,41.814213,44.0
2459,42.536507,44.0
2460,40.20792,45.483334
2461,44.819225,45.833332
2462,45.27255,45.816666
2463,45.051533,35.8625
2464,20.022291,24.479723
2465,42.165615,56.036
2466,43.818314,40.606945
2467,41.814213,52.4
2468,32.43029,39.77667
2469,30.640522,31.933332
2470,39.44216,31.566668
2471,35.478226,32.607777
2472,29.466146,-31.95
2473,44.68297,-37.783333
2474,44.771202,45.9481
2475,42.165695,31.916666
2476,36.247772,32.21086
2477,41.814213,37.0
2478,38.347637,48.05
2479,39.75643,39.144444
2480,46.479897,45.816666
2481,46.45594,45.816666
2482,42.977577,43.76889
2483,43.529396,44.9602
2484,45.125614,45.85
2485,41.814213,45.65
2486,45.77217,42.843613
2487,43.31031,42.956944
2488,41.971657,45.8797
2489,38.78222,38.22
2490,43.664177,44.045277
2491,40.551414,32.35
2492,44.923737,43.88222
2493,39.783142,45.997776
