id,pred_y,target_y
0,1977.5524,1985.0
1,1969.957,1952.0
2,1975.5558,2012.0
3,1934.8857,1923.0
4,1976.443,2000.0
5,1974.07,1981.0
6,1974.104,2007.0
7,1974.1437,1947.0
8,1966.9078,1912.0
9,1976.1035,1989.0
10,1974.9392,1981.0
11,1977.6057,1976.0
12,1979.5934,1995.0
13,1975.8926,1977.0
14,1950.7189,1941.0
15,1951.5403,1923.0
16,1969.604,1977.0
17,1979.4904,1955.0
18,1937.0845,1967.0
19,1940.6311,1925.0
20,1975.8273,1976.0
21,1930.9977,1984.0
22,1972.256,1969.0
23,1929.3207,1954.0
24,1925.0385,1972.0
25,1807.5621,1771.0
26,1977.7384,1983.0
27,1968.5889,1978.0
28,1972.3501,1987.0
29,1976.1902,1995.0
30,1947.3248,1980.0
31,1979.4606,1984.0
32,1973.2375,1958.0
33,1957.9127,1936.0
34,1954.0271,1982.0
35,1976.386,1987.0
36,1977.9174,1977.0
37,1977.9491,1994.0
38,1978.8817,1987.0
39,1869.7281,1775.0
40,1970.2877,1980.0
41,1939.6329,1955.0
42,1958.7673,1955.0
43,1978.5808,2005.0
44,1939.6672,1933.0
45,1977.0466,1985.0
46,1973.6093,1991.0
47,1976.4044,1951.0
48,1964.8978,2013.0
49,1976.5323,2006.0
50,1967.2368,1974.0
51,1969.8538,1980.0
52,1968.4293,1942.0
53,1977.4434,1984.0
54,1974.348,1959.0
55,1971.7573,1987.0
56,1976.0394,1983.0
57,1976.5332,2005.0
58,1964.9487,1950.0
59,1978.0502,1984.0
60,1923.7288,1934.0
61,1977.9153,1997.0
62,1963.9666,1940.0
63,1974.2798,1959.0
64,1976.92,1972.0
65,1975.3737,1976.0
66,1978.809,1990.0
67,1977.5647,1955.0
68,1963.7283,1940.0
69,1972.9087,1944.0
70,1976.5958,1998.0
71,1888.4727,1906.0
72,1970.8715,1997.0
73,1960.2239,1938.0
74,1971.4475,1948.0
75,1973.7118,1981.0
76,1962.2294,1915.0
77,1971.9373,1980.0
78,1977.8213,2000.0
79,1973.6411,1980.0
80,1974.0793,1968.0
81,1977.8738,2002.0
82,1969.4185,2010.0
83,1960.8186,1961.0
84,1971.679,1775.0
85,1977.3672,1970.0
86,1962.9894,1982.0
87,1973.0134,1978.0
88,1971.8716,1952.0
89,1979.1237,2000.0
90,1970.788,1992.0
91,1974.99,1971.0
92,1977.2987,2001.0
93,1970.4777,1997.0
94,1978.1901,1997.0
95,1979.5065,1995.0
96,1979.1882,1991.0
97,1973.6494,1965.0
98,1973.0792,1949.0
99,1975.0383,1989.0
100,1970.6382,1979.0
101,1969.272,2011.0
102,1978.2546,1964.0
103,1950.3591,1934.0
104,1979.3683,2010.0
105,1978.6676,1993.0
106,1966.2603,1999.0
107,1978.8995,1990.0
108,1978.7206,1993.0
109,1975.7904,1935.0
110,1965.5245,1967.0
111,1974.59,2004.0
112,1979.6815,1986.0
113,1978.0,2007.0
114,1975.8396,1961.0
115,1920.309,1936.0
116,1976.5052,1969.0
117,1949.1973,1932.0
118,1971.8154,1946.0
119,1964.6827,1998.0
120,1975.0723,1979.0
121,1976.5194,1987.0
122,1974.1167,1967.0
123,1978.9133,1986.0
124,1977.7051,2004.0
125,1973.7179,1972.0
126,1975.8961,1997.0
127,1976.2251,1992.0
128,1975.6816,1994.0
129,1977.1304,2001.0
130,1979.522,2004.0
131,1976.7986,1976.0
132,1978.392,1957.0
133,1978.0365,2004.0
134,1958.0393,1975.0
135,1944.8684,1955.0
136,1978.397,2009.0
137,1977.1343,2006.0
138,1918.2839,1964.0
139,1977.6952,1978.0
140,1975.8033,1953.0
141,1974.4762,2005.0
142,1978.0018,1972.0
143,1967.1146,1944.0
144,1975.0342,1978.0
145,1972.8306,2005.0
146,1978.7345,2004.0
147,1978.8915,1988.0
148,1973.2576,1978.0
149,1974.7488,1988.0
150,1977.666,2006.0
151,1972.0476,1955.0
152,1970.2582,1974.0
153,1977.5854,1979.0
154,1976.5159,1977.0
155,1979.163,1988.0
156,1971.3387,1958.0
157,1976.3171,2014.0
158,1978.3688,1993.0
159,1974.9828,1988.0
160,1975.6517,2002.0
161,1960.0059,1953.0
162,1962.7751,1946.0
163,1941.5261,1984.0
164,1925.3627,1932.0
165,1976.833,1983.0
166,1972.0892,1920.0
167,1975.5042,1950.0
168,1976.9353,1945.0
169,1974.266,1970.0
170,1969.4551,1940.0
171,1966.1753,1941.0
172,1975.438,1997.0
173,1976.1785,1995.0
174,1959.4049,1950.0
175,1977.5984,1989.0
176,1979.5074,2014.0
177,1977.1796,2014.0
178,1911.4673,1993.0
179,1975.4736,1990.0
180,1978.4814,2012.0
181,1979.2404,1966.0
182,1974.8506,2005.0
183,1974.1713,1963.0
184,1978.9354,1958.0
185,1968.8989,1952.0
186,1973.5248,1990.0
187,1978.9884,1992.0
188,1976.089,1992.0
189,1976.7897,1994.0
190,1970.2235,1984.0
191,1979.1045,1997.0
192,1946.3782,1926.0
193,1978.4354,1971.0
194,1978.1006,1957.0
195,1957.977,1950.0
196,1979.1375,1996.0
197,1978.4661,2006.0
198,1978.1044,1999.0
199,1978.2418,2013.0
200,1948.1094,1982.0
201,1974.2783,1978.0
202,1979.7548,2008.0
203,1975.99,1961.0
204,1972.8097,1997.0
205,1976.754,2006.0
206,1971.0985,1995.0
207,1977.642,1999.0
208,1975.6913,1997.0
209,1973.7526,1982.0
210,1972.8124,2004.0
211,1971.1548,1993.0
212,1977.5704,1989.0
213,1968.788,1972.0
214,1972.8575,1993.0
215,1973.758,1972.0
216,1971.98,1975.0
217,1975.2589,1994.0
218,1969.7424,1987.0
219,1961.3461,1932.0
220,1977.7692,1996.0
221,1977.0619,2003.0
222,1978.3107,2001.0
223,1977.8259,1993.0
224,1976.2325,2001.0
225,1974.6277,1997.0
226,1972.7516,2000.0
227,1976.545,1991.0
228,1978.1317,1996.0
229,1969.5673,1997.0
230,1970.9083,1997.0
231,1975.7437,1998.0
232,1978.1807,1964.0
233,1978.197,1995.0
234,1975.6602,1997.0
235,1973.1869,1983.0
236,1975.719,1998.0
237,1976.828,1995.0
238,1969.2985,1977.0
239,1979.5281,2002.0
240,1974.7556,1979.0
241,1977.3451,1984.0
242,1968.1136,2007.0
243,1977.843,2004.0
244,1973.7218,1982.0
245,1977.5782,1988.0
246,1971.9777,2003.0
247,1971.3433,1977.0
248,1977.8595,1985.0
249,1976.8445,1986.0
250,1969.7384,1984.0
251,1970.0057,1978.0
252,1975.8777,2007.0
253,1978.6635,1988.0
254,1977.8569,1983.0
255,1970.0583,1996.0
256,1977.406,1987.0
257,1978.3944,1995.0
258,1978.7993,2003.0
259,1975.964,1996.0
260,1976.2527,1992.0
261,1975.7407,1992.0
262,1979.4465,1997.0
263,1978.3202,1999.0
264,1937.5616,1966.0
265,1978.9772,2009.0
266,1975.8431,2001.0
267,1958.8604,1939.0
268,1974.2504,2001.0
269,1978.3959,1968.0
270,1979.1056,1996.0
271,1971.8992,2006.0
272,1975.601,2015.0
273,1968.3948,2010.0
274,1976.9642,2014.0
275,1978.4235,2003.0
276,1976.7947,1978.0
277,1966.7529,1989.0
278,1973.4635,1971.0
279,1975.4269,1959.0
280,1977.9513,2001.0
281,1978.7727,2000.0
282,1980.0331,1999.0
283,1975.2158,1965.0
284,1974.0919,1994.0
285,1963.279,2006.0
286,1977.2273,1994.0
287,1977.683,2004.0
288,1973.7924,1952.0
289,1978.9708,1992.0
290,1967.8038,1990.0
291,1975.9862,1999.0
292,1978.4904,2005.0
293,1971.7957,1976.0
294,1979.3855,2003.0
295,1973.1143,1997.0
296,1976.4945,1976.0
297,1972.5326,2005.0
298,1972.0271,1987.0
299,1976.1177,1987.0
300,1976.8217,2002.0
301,1974.4473,1985.0
302,1974.4686,1992.0
303,1972.803,1970.0
304,1969.8008,1965.0
305,1976.5592,1989.0
306,1975.2352,1960.0
307,1969.6193,1987.0
308,1978.3446,1990.0
309,1975.0005,1989.0
310,1971.752,1993.0
311,1972.1055,1991.0
312,1974.4332,1992.0
313,1954.5039,1968.0
314,1976.9419,1998.0
315,1978.7198,1987.0
316,1962.9973,1940.0
317,1968.9165,1985.0
318,1976.351,1988.0
319,1979.1581,1992.0
320,1979.2726,1994.0
321,1975.5549,2003.0
322,1970.602,1998.0
323,1974.9309,1986.0
324,1973.1649,1999.0
325,1973.3276,2007.0
326,1978.2775,1985.0
327,1975.4323,1991.0
328,1979.6884,2007.0
329,1971.4513,1939.0
330,1968.5145,1964.0
331,1973.3341,1983.0
332,1967.1472,1925.0
333,1977.141,1988.0
334,1956.3127,1917.0
335,1975.6693,2000.0
336,1968.8479,1946.0
337,1975.5149,1987.0
338,1961.4683,1935.0
339,1973.4618,1978.0
340,1974.0872,1966.0
341,1968.2604,1954.0
342,1977.1425,1999.0
343,1975.5347,1995.0
344,1969.4738,1985.0
345,1974.1147,2001.0
346,1975.3173,2003.0
347,1977.9501,1994.0
348,1961.3424,1970.0
349,1977.9495,1982.0
350,1973.7855,1997.0
351,1979.3394,1993.0
352,1966.6255,1947.0
353,1976.6284,2008.0
354,1970.6912,1928.0
355,1974.5934,1993.0
356,1978.2313,1993.0
357,1945.8846,1948.0
358,1976.9337,1961.0
359,1973.0547,1991.0
360,1963.3728,2006.0
361,1979.7119,2009.0
362,1973.1313,1992.0
363,1971.4756,1990.0
364,1965.279,1962.0
365,1978.382,1974.0
366,1969.8601,2006.0
367,1979.4033,2010.0
368,1972.9634,2017.0
369,1945.7976,2012.0
370,1975.7854,1964.0
371,1967.1094,1981.0
372,1970.1138,1987.0
373,1974.9863,1988.0
374,1974.4507,2011.0
375,1977.4866,2002.0
376,1978.371,1995.0
377,1976.5931,2007.0
378,1978.4525,1995.0
379,1979.0146,2003.0
380,1978.2065,1996.0
381,1978.5577,1997.0
382,1979.1952,2004.0
383,1977.6371,2009.0
384,1972.6978,1975.0
385,1977.1572,2007.0
386,1972.7941,1962.0
387,1977.5383,1986.0
388,1979.9196,2002.0
389,1978.278,2005.0
390,1977.872,1986.0
391,1977.7588,1985.0
392,1971.2433,1992.0
393,1979.4113,2007.0
394,1972.552,1986.0
395,1978.2252,1998.0
396,1977.6635,1989.0
397,1977.5101,2007.0
398,1971.8995,2005.0
399,1976.05,1970.0
400,1971.6931,1921.0
401,1978.1838,2008.0
402,1977.596,2003.0
403,1977.7914,2005.0
404,1980.2252,1998.0
405,1973.8381,2005.0
406,1962.0107,1918.0
407,1976.0165,1948.0
408,1965.6372,1969.0
409,1978.227,2007.0
410,1977.4105,2006.0
411,1977.963,1826.0
412,1965.24,1971.0
413,1976.2487,1953.0
414,1969.839,1990.0
415,1972.0349,1989.0
416,1977.3922,1985.0
417,1972.0515,1988.0
418,1978.7477,1992.0
419,1973.769,1998.0
420,1932.9606,1995.0
421,1970.4832,1949.0
422,1972.1428,2009.0
423,1978.4736,1974.0
424,1978.1418,1997.0
425,1979.6478,2004.0
426,1976.9346,1996.0
427,1970.7338,1909.0
428,1974.367,1923.0
429,1976.0767,1998.0
430,1970.6538,1950.0
431,1959.7123,1994.0
432,1968.6324,2003.0
433,1975.4637,2003.0
434,1976.1497,1956.0
435,1976.7222,1989.0
436,1968.7144,1982.0
437,1976.6892,1985.0
438,1970.7638,1969.0
439,1972.6097,1985.0
440,1973.3866,1959.0
441,1960.5309,1954.0
442,1972.6357,1961.0
443,1979.2637,1996.0
444,1979.0956,2000.0
445,1973.6532,2001.0
446,1974.9868,1965.0
447,1965.436,1956.0
448,1970.2219,1956.0
449,1970.8876,1946.0
450,1975.9073,1955.0
451,1976.8516,1966.0
452,1979.1128,1997.0
453,1973.443,1976.0
454,1973.8378,1963.0
455,1976.2991,1979.0
456,1947.6703,1972.0
457,1974.8363,1992.0
458,1962.0249,1972.0
459,1979.6471,2010.0
460,1975.8339,1961.0
461,1976.858,2007.0
462,1977.1406,2008.0
463,1978.829,2004.0
464,1953.5487,1944.0
465,1978.7416,2009.0
466,1970.8043,1975.0
467,1977.7704,1977.0
468,1970.9471,1955.0
469,1979.1593,1987.0
470,1968.8962,1992.0
471,1969.0271,1913.0
472,1931.4878,1990.0
473,1967.8805,1970.0
474,1953.6223,1955.0
475,1977.6512,1987.0
476,1978.6647,2002.0
477,1977.5704,1983.0
478,1976.7963,1965.0
479,1978.747,1991.0
480,1956.0587,1953.0
481,1973.331,1996.0
482,1979.6234,1978.0
483,1965.309,1951.0
484,1977.1987,1992.0
485,1975.7936,1994.0
486,1978.9003,2004.0
487,1974.1573,2000.0
488,1972.6953,1975.0
489,1977.4266,1964.0
490,1976.952,1993.0
491,1979.3177,2005.0
492,1950.351,1956.0
493,1978.5245,1943.0
494,1977.5068,1995.0
495,1913.9344,1919.0
496,1977.6515,2008.0
497,1979.7914,1997.0
498,1962.5702,1922.0
499,1978.4622,2000.0
500,1966.7715,1978.0
501,1959.413,1941.0
502,1966.7772,1993.0
503,1962.9741,1955.0
504,1965.916,1979.0
505,1977.0317,1997.0
506,1971.3407,1973.0
507,1977.7084,2002.0
508,1979.4722,1991.0
509,1965.0735,1949.0
510,1978.4934,2008.0
511,1964.9712,1982.0
512,1976.0372,2001.0
513,1971.1954,2001.0
514,1968.2506,1970.0
515,1975.8408,1964.0
516,1969.9508,1976.0
517,1967.9446,1975.0
518,1979.4691,1990.0
519,1977.8425,1971.0
520,1960.132,1929.0
521,1952.0978,1986.0
522,1976.1786,1994.0
523,1945.568,1949.0
524,1978.5103,1994.0
525,1977.5756,2003.0
526,1977.0312,1996.0
527,1962.6096,1982.0
528,1979.1744,1987.0
529,1977.5704,2003.0
530,1966.1649,2001.0
531,1976.8385,1966.0
532,1972.7617,1981.0
533,1969.9548,1994.0
534,1978.899,1995.0
535,1971.8534,2007.0
536,1970.1301,1981.0
537,1950.4691,1997.0
538,1979.3878,2004.0
539,1978.057,1973.0
540,1963.7968,1962.0
541,1975.056,2012.0
542,1965.8282,2003.0
543,1972.6412,1964.0
544,1973.924,1986.0
545,1977.2736,2001.0
546,1969.9452,1993.0
547,1973.3892,1949.0
548,1965.0751,2009.0
549,1962.6932,1949.0
550,1968.466,1953.0
551,1975.7089,1975.0
552,1977.7007,1983.0
553,1945.9733,1921.0
554,1976.4211,1997.0
555,1957.3209,1926.0
556,1976.9644,1965.0
557,1975.2899,2003.0
558,1978.1692,2004.0
559,1964.4824,2002.0
560,1979.723,1997.0
561,1979.0845,2010.0
562,1979.6688,1999.0
563,1978.136,1986.0
564,1976.6012,1950.0
565,1968.1757,1992.0
566,1976.4014,1959.0
567,1889.1947,1911.0
568,1972.0865,1988.0
569,1967.6124,1989.0
570,1975.9078,2012.0
571,1977.755,1997.0
572,1973.701,1998.0
573,1973.0845,1960.0
574,1979.0792,2002.0
575,1971.5979,1994.0
576,1977.1194,1963.0
577,1975.889,1979.0
578,1979.8174,1994.0
579,1960.0957,1958.0
580,1969.6661,1989.0
581,1975.3876,1980.0
582,1973.5944,1952.0
583,1939.2385,1943.0
584,1976.6194,1946.0
585,1974.9093,1998.0
586,1978.6896,1982.0
587,1978.7261,2009.0
588,1955.7694,1952.0
589,1973.421,1965.0
590,1976.9966,1980.0
591,1978.8706,2003.0
592,1978.843,2001.0
593,1966.605,2008.0
594,1975.2252,1993.0
595,1968.8704,2002.0
596,1970.8788,1976.0
597,1960.7859,1955.0
598,1972.3506,2006.0
599,1934.49,1949.0
600,1949.0255,2012.0
601,1975.9478,2006.0
602,1967.303,1970.0
603,1970.617,1963.0
604,1944.533,1963.0
605,1976.762,2008.0
606,1974.6241,2003.0
607,1905.2141,1920.0
608,1968.3146,1952.0
609,1979.482,2012.0
610,1966.2493,1947.0
611,1978.6276,1991.0
612,1977.7023,2010.0
613,1979.0336,1994.0
614,1978.3062,1978.0
615,1977.3784,2010.0
616,1928.4229,1925.0
617,1972.872,1961.0
618,1977.8821,1966.0
619,1965.1805,1959.0
620,1973.3738,1982.0
621,1973.607,1959.0
622,1976.6547,2001.0
623,1976.6732,1982.0
624,1954.8978,1945.0
625,1973.1431,1992.0
626,1971.5033,1988.0
627,1972.8638,1970.0
628,1975.4081,1997.0
629,1963.9805,1948.0
630,1977.8887,1955.0
631,1975.6351,1990.0
632,1969.722,1973.0
633,1973.8029,1985.0
634,1978.2843,1996.0
635,1960.4402,1962.0
636,1971.0233,1995.0
637,1975.1273,1984.0
638,1978.0068,2008.0
639,1975.2175,1971.0
640,1977.9648,1995.0
641,1974.714,1979.0
642,1971.0176,1999.0
643,1968.8248,1964.0
644,1973.6045,1961.0
645,1976.639,1974.0
646,1972.4944,1993.0
647,1978.4835,1995.0
648,1977.5665,2001.0
649,1976.9943,2003.0
650,1975.4099,1966.0
651,1962.8436,2003.0
652,1977.0137,1999.0
653,1951.3448,1987.0
654,1978.887,2011.0
655,1962.5656,2004.0
656,1977.9055,1992.0
657,1977.7219,1964.0
658,1976.339,1999.0
659,1949.1488,1941.0
660,1979.0664,2007.0
661,1970.0143,1981.0
662,1969.7482,2009.0
663,1956.4539,1949.0
664,1977.4253,1955.0
665,1979.4718,1981.0
666,1978.2042,1959.0
667,1977.2849,1986.0
668,1974.5371,2012.0
669,1970.1564,1986.0
670,1969.053,2014.0
671,1973.4731,2006.0
672,1973.9808,2012.0
673,1969.7977,1962.0
674,1978.792,2006.0
675,1976.4098,1990.0
676,1972.5621,2002.0
677,1967.3314,1986.0
678,1965.6393,1961.0
679,1969.066,1922.0
680,1964.2284,1930.0
681,1883.7882,1927.0
682,1971.9342,1990.0
683,1970.9708,2000.0
684,1973.0486,1977.0
685,1969.2518,2008.0
686,1974.0251,1973.0
687,1974.8057,1970.0
688,1977.5809,1995.0
689,1958.1403,1950.0
690,1971.288,1991.0
691,1974.4852,1967.0
692,1977.021,1996.0
693,1972.6737,1962.0
694,1979.0665,2008.0
695,1976.5237,1978.0
696,1972.2764,1985.0
697,1978.2874,2004.0
698,1973.0615,1956.0
699,1977.5247,2004.0
700,1978.4813,2002.0
701,1978.3541,1987.0
702,1967.3154,1941.0
703,1976.173,2000.0
704,1977.5797,1992.0
