id,pred_y,target_y
0,1989.3073,2003.0
1,1988.9119,2018.0
2,1976.4552,1980.0
3,1989.3307,2011.0
4,1988.1786,1993.0
5,1950.7751,1880.0
6,1954.0789,2000.0
7,1987.495,2001.0
8,1984.8193,1999.0
9,1970.0953,1961.0
10,1988.9016,2017.0
11,1986.1039,2006.0
12,1987.9648,2004.0
13,1986.4979,1994.0
14,1989.1995,1999.0
15,1986.5513,2013.0
16,1973.8967,2013.0
17,1988.2306,1981.0
18,1988.4653,2004.0
19,1983.5009,2004.0
20,1986.4425,1989.0
21,1986.8154,1957.0
22,1984.4741,2008.0
23,1977.92,1998.0
24,1988.9856,2008.0
25,1980.9541,1961.0
26,1988.2253,2001.0
27,1989.0565,1991.0
28,1988.8425,1954.0
29,1968.9656,1958.0
30,1984.5979,2009.0
31,1983.1041,1983.0
32,1980.444,1953.0
33,1988.4652,2001.0
34,1988.1191,1984.0
35,1988.8883,2014.0
36,1972.3674,1997.0
37,1988.6458,2011.0
38,1988.8167,1993.0
39,1988.8092,1978.0
40,1988.4055,2014.0
41,1984.5983,1934.0
42,1989.507,1989.0
43,1974.2008,1962.0
44,1987.4652,2015.0
45,1987.9613,1999.0
46,1988.6488,2008.0
47,1988.989,1966.0
48,1986.8307,1986.0
49,1985.6304,2002.0
50,1988.7557,2003.0
51,1978.0575,1961.0
52,1985.747,1972.0
53,1988.5404,1992.0
54,1988.8451,2004.0
55,1984.5411,1953.0
56,1984.7657,1963.0
57,1969.2274,1950.0
58,1987.752,2017.0
59,1985.254,2014.0
60,1957.6595,1999.0
61,1985.3297,1968.0
62,1986.4669,2014.0
63,1984.5267,1947.0
64,1989.2775,2019.0
65,1988.3601,2011.0
66,1978.774,1960.0
67,1985.0001,2017.0
68,1988.3594,1978.0
69,1989.4857,2019.0
70,1987.7786,2015.0
71,1987.2139,2010.0
72,1986.2535,1991.0
73,1988.7773,2010.0
74,1987.6417,1985.0
75,1987.9554,1998.0
76,1982.2377,1962.0
77,1987.8857,2001.0
78,1984.6654,2001.0
79,1988.9716,2013.0
80,1987.5042,2012.0
81,1988.4465,2006.0
82,1985.8009,2007.0
83,1982.8433,1959.0
84,1987.9274,2008.0
85,1987.2245,2017.0
86,1987.0087,2004.0
87,1989.062,1988.0
88,1987.2719,1982.0
89,1989.2661,2016.0
90,1988.4373,2008.0
91,1988.6533,1991.0
92,1984.4071,1948.0
93,1980.8258,2014.0
94,1979.0607,1984.0
95,1972.4229,1987.0
96,1987.5977,2006.0
97,1989.3204,2008.0
98,1981.9988,1960.0
99,1988.9312,2003.0
100,1986.9951,2012.0
101,1973.6876,1949.0
102,1981.357,1979.0
103,1987.2656,1970.0
104,1987.8568,1997.0
105,1987.0292,1990.0
106,1987.7611,2011.0
107,1986.475,1938.0
108,1989.0343,2014.0
109,1989.4507,2006.0
110,1988.0616,1983.0
111,1986.1797,2016.0
112,1984.135,1959.0
113,1984.281,1962.0
114,1987.1263,1968.0
115,1988.0507,2013.0
116,1979.5142,1982.0
117,1988.0356,2005.0
118,1989.2534,2016.0
119,1989.447,2012.0
120,1987.508,1989.0
121,1988.5343,2010.0
122,1988.9908,2013.0
123,1988.5204,2010.0
124,1960.0049,2016.0
125,1986.1337,1999.0
126,1975.3857,1956.0
127,1985.6615,1969.0
128,1988.6608,2007.0
129,1980.6156,1980.0
130,1988.7075,2019.0
131,1987.7762,2004.0
132,1987.8765,1979.0
133,1988.992,2006.0
134,1987.9142,1953.0
135,1981.832,2001.0
136,1988.4198,2017.0
137,1982.8915,1989.0
138,1987.0284,1990.0
139,1980.0116,2011.0
140,1989.1115,2017.0
141,1988.0409,2001.0
142,1980.3292,1970.0
143,1989.5182,2008.0
144,1986.0409,1954.0
145,1980.7643,1955.0
146,1981.0828,1941.0
147,1987.5696,1953.0
148,1988.0504,1963.0
149,1978.4761,2016.0
150,1981.195,1952.0
151,1967.6984,1950.0
152,1985.0836,2018.0
153,1987.1633,2002.0
154,1988.7728,1984.0
155,1986.9475,1979.0
156,1963.8229,1990.0
157,1979.8677,1979.0
158,1984.9628,2004.0
159,1989.3733,2016.0
160,1966.0302,1950.0
161,1970.7244,1952.0
162,1986.0037,1983.0
163,1983.7897,2013.0
164,1981.9147,1950.0
165,1985.5609,1962.0
166,1981.7866,1982.0
167,1988.9335,1972.0
168,1984.1029,1974.0
169,1982.0131,2016.0
170,1984.3032,1987.0
171,1988.0825,2007.0
172,1983.672,1963.0
173,1988.485,2017.0
174,1987.5858,1984.0
175,1989.0632,1992.0
176,1986.9766,1996.0
177,1945.3317,2019.0
178,1988.7279,2017.0
179,1983.6007,1952.0
180,1987.182,2004.0
181,1985.3298,2011.0
182,1987.3517,1972.0
183,1988.9595,2016.0
184,1989.18,2003.0
185,1981.8972,2003.0
186,1989.2762,2003.0
187,1988.8772,2011.0
188,1988.8328,2012.0
189,1987.8676,2003.0
190,1989.2296,2007.0
191,1989.4031,2012.0
192,1986.9824,2004.0
193,1988.0708,1984.0
194,1989.2432,1991.0
195,1989.0302,2013.0
196,1983.5757,2012.0
197,1983.2856,2014.0
198,1988.2344,2004.0
199,1989.3582,2012.0
200,1988.0939,2016.0
201,1988.4757,1967.0
202,1987.5514,1973.0
203,1985.7457,1980.0
204,1981.8838,2016.0
205,1987.6599,2001.0
206,1979.6458,1993.0
207,1989.0496,2013.0
208,1988.3389,2011.0
209,1987.3011,2013.0
210,1989.2561,2017.0
211,1968.806,1950.0
212,1988.1624,2011.0
213,1978.886,1980.0
214,1988.1805,2009.0
215,1976.1687,2011.0
216,1987.357,1992.0
217,1987.953,2017.0
218,1983.9015,2002.0
219,1987.4569,2010.0
220,1983.7223,1975.0
221,1982.4244,1982.0
222,1987.3567,2009.0
223,1987.7228,1962.0
224,1988.445,1985.0
225,1988.563,2015.0
226,1980.2777,2014.0
227,1987.6841,2012.0
228,1987.7719,1959.0
229,1988.9176,2019.0
230,1989.2322,2015.0
231,1987.7966,1998.0
232,1987.5802,1999.0
233,1988.5311,1992.0
234,1986.4803,1988.0
235,1979.9448,2014.0
236,1988.8425,2018.0
237,1988.5737,2000.0
238,1988.9342,1989.0
239,1987.9343,1992.0
240,1989.379,2010.0
241,1988.5385,2009.0
242,1972.0516,1985.0
243,1987.2454,1997.0
244,1988.2411,2001.0
245,1987.5912,2017.0
246,1987.0762,2014.0
247,1987.7938,2003.0
248,1980.2747,1998.0
249,1987.0793,1974.0
250,1988.3047,1977.0
251,1988.0732,2018.0
252,1987.121,2017.0
253,1988.4445,2012.0
254,1984.6002,2016.0
255,1987.9945,2010.0
256,1978.3993,1961.0
257,1985.2799,2016.0
258,1988.6915,2008.0
259,1989.058,2003.0
260,1984.2844,2005.0
261,1984.3549,2013.0
262,1989.4287,2016.0
263,1986.5072,2001.0
264,1981.5017,1988.0
265,1988.4355,1936.0
266,1985.041,1997.0
267,1989.1499,2007.0
268,1988.8824,2000.0
269,1988.9985,2018.0
270,1947.007,1989.0
271,1979.3114,1961.0
272,1985.9087,2012.0
273,1989.1818,2001.0
274,1980.1755,2000.0
275,1981.8827,1960.0
276,1989.1868,2004.0
277,1988.2247,2017.0
278,1952.1077,1960.0
279,1985.2446,1994.0
280,1984.9503,2017.0
281,1986.4342,2000.0
282,1988.7859,2009.0
283,1988.0258,2009.0
284,1986.743,1960.0
285,1979.752,1967.0
286,1988.2457,2019.0
287,1989.3074,2014.0
288,1986.4618,1992.0
289,1988.524,2015.0
290,1988.0922,2014.0
291,1988.5404,2016.0
292,1980.9344,1958.0
293,1987.503,2001.0
294,1987.5753,1975.0
295,1984.6407,1962.0
296,1985.2936,1973.0
297,1941.5624,1855.0
298,1985.0891,2004.0
299,1986.632,2004.0
300,1986.7986,1973.0
301,1988.8505,1976.0
302,1987.2012,2012.0
303,1984.2633,1980.0
304,1987.8672,1987.0
305,1987.901,2005.0
306,1986.5411,1984.0
307,1987.5704,2004.0
308,1988.82,2008.0
309,1984.7081,2003.0
310,1989.3203,2011.0
311,1986.154,2010.0
312,1986.5513,2002.0
313,1988.4371,2016.0
314,1988.7384,2008.0
315,1984.3933,2008.0
316,1989.2318,2009.0
317,1987.2042,2009.0
318,1980.621,2004.0
319,1980.5227,1984.0
320,1987.56,2004.0
321,1989.1156,2013.0
322,1989.4661,2017.0
323,1980.1438,1966.0
324,1987.295,2019.0
325,1988.3228,2001.0
326,1986.1844,2016.0
327,1988.2986,2011.0
328,1984.0057,1988.0
329,1986.0792,1963.0
