id,pred_y,target_y
0,94.47978,1318000000.0
1,78.917725,2903000000.0
2,103.218025,4990000.0
3,103.38971,17767000000.0
4,83.49064,2688000000.0
5,103.935844,95460000.0
6,102.67793,32580000.0
7,12.012278,262000000.0
8,97.92947,76540000.0
9,81.59751,3210000.0
10,86.73706,6920000.0
11,103.81541,6820000.0
12,96.361084,10170000.0
13,99.99833,13680000.0
14,69.16184,10150000.0
15,69.72337,88590000.0
16,104.678474,293120000.0
17,22.540407,630210000.0
18,97.97051,9250000.0
19,93.50312,9410000.0
20,95.535385,450000000.0
21,81.32919,165700000.0
22,72.33542,38350000.0
23,24.225306,2798000.0
24,75.21868,422000000.0
25,97.61,56594000000.0
26,79.51733,4280000.0
27,80.43823,22560000.0
28,2.9246101,705000000.0
29,63.618626,5200000.0
30,71.61962,242495400000.0
31,103.75222,21708000.0
32,104.67899,835000000.0
33,82.06026,478160000.0
34,105.130615,5240000.0
35,104.60392,1550000.0
36,99.0377,11100000.0
37,60.95845,10960000.0
38,35.099163,24530000.0
39,95.07285,214210000.0
40,57.71579,4890000000.0
41,101.51041,12530000.0
42,57.072884,2309700000.0
43,95.5937,27270000.0
44,89.04192,8490000.0
45,105.1164,5160000.0
46,73.2979,32460000.0
47,80.65044,62599120.0
48,52.39357,1302151700.0
49,88.089455,264680000.0
50,41.96106,16915212.0
51,96.59185,19060000.0
52,57.800552,29850000.0
53,103.18775,12613242.0
54,23.036457,26488000000.0
55,53.432644,6240000.0
56,102.00977,7880000.0
57,97.16539,12333090000.0
58,90.29003,377972300000.0
59,62.529022,349389400.0
60,59.164837,38320000.0
61,31.08566,2589470000.0
62,103.02028,46310000.0
63,99.77671,219653000000.0
64,93.660614,178500000.0
65,105.31156,36290000.0
66,23.948238,36690000.0
67,98.562,9790000.0
68,42.310577,369609250.0
69,102.35993,36570000.0
70,78.68513,23260000.0
71,93.602104,29680000.0
72,73.71329,825615000000.0
73,74.97775,5450000.0
74,103.79219,197910000.0
75,99.93681,12350000.0
76,90.219246,37970000.0
77,78.97815,30528000000.0
78,26.704351,4784360000.0
79,90.38999,13750000.0
80,77.459946,295234000000.0
81,101.76261,2970000.0
82,16.802773,41150000.0
83,85.97317,60290000.0
84,100.48366,10410000.0
85,104.23902,13360000.0
86,99.65068,98984000000.0
87,102.63988,44830000.0
88,64.573364,8989390000.0
89,71.19414,1899280000.0
90,94.158615,43190000.0
91,79.65935,60710000.0
92,100.34873,786300000.0
93,71.97594,168000000.0
94,92.14847,23850000.0
95,102.697205,9930000.0
96,92.31995,323000000.0
97,98.5932,1528000000.0
98,94.60699,19080000.0
99,91.517296,13970000.0
100,104.29858,1046074300.0
101,99.06052,781000000.0
102,71.54441,23650000.0
103,87.48917,80690000.0
104,104.48059,79010000.0
105,84.63218,893000000.0
106,74.876114,54910000.0
107,90.27713,74293700000.0
108,84.12773,439000000.0
109,74.820946,177200000.0
110,92.17422,8575000000.0
111,27.687832,8763000000.0
112,61.59398,643000000.0
113,100.937004,564658000.0
114,91.6689,800000000.0
115,104.59381,59260000.0
116,-35.191208,369980000.0
117,98.82819,26660000.0
118,98.56028,62450000.0
119,101.09515,88060000.0
120,58.690285,67590000.0
121,97.181496,28420000.0
122,83.69306,2755030000.0
123,83.53014,15330000.0
124,88.27403,31820000.0
125,101.6075,19110000.0
126,-13.620164,65244956.0
127,96.068214,6890000.0
128,95.95656,1111000000.0
129,98.76263,581309000000.0
130,104.613464,2344858000000.0
131,102.956795,11750000.0
132,92.67871,54840000.0
133,85.73086,805320000.0
134,104.56966,47870000.0
135,88.75,305320000.0
136,104.95988,824610000.0
137,55.657955,11637540000.0
138,77.4419,223850000.0
139,41.570553,5128000000.0
140,56.345417,617012860.0
141,105.32058,112492000000.0
142,100.179245,114763000000.0
143,90.57123,2034000000.0
144,98.29306,1393314000.0
145,-22.386963,14056000000000.0
146,22.484919,72908000000.0
147,19.804947,21000000.0
148,104.32071,11720000.0
149,102.874916,22650000.0
150,98.887505,22150000.0
151,-2.0152297,1313000000.0
152,76.11046,98120000.0
153,86.65372,124510000.0
154,80.78136,129499.41
155,103.71557,118680000.0
156,9.849318,1098581000000.0
157,73.94399,79261730.0
158,80.593285,34390000.0
159,54.944534,114760000.0
160,88.4056,15270000.0
161,82.18973,202024130.0
162,60.476555,165630000.0
163,104.2363,10340000.0
164,-17.41454,4158000000.0
165,97.93133,51620000.0
166,46.93423,1062880000.0
167,73.52793,1060000000.0
168,75.44496,245000000.0
169,40.61495,492013000.0
170,32.909077,100610000.0
171,85.08517,112340000.0
172,94.006004,672250000.0
173,103.7835,722330000.0
174,100.20453,2348000000.0
175,69.44809,1573000000.0
176,35.59788,259273540.0
177,81.217674,39380000.0
178,81.56594,22020000.0
179,39.149673,186370000.0
180,99.554634,5530000.0
181,97.739105,10928440000.0
182,102.191475,6010000.0
183,44.45554,1554000000.0
184,66.58643,6309000000.0
185,67.257385,2015000000.0
186,63.495926,508114500.0
187,95.29351,27397845000.0
188,94.5529,12412495.0
189,98.776,17930000.0
190,83.07214,3206000000.0
191,99.912994,7672000000.0
192,72.27727,3878000000.0
193,84.94098,1522000000.0
194,99.075615,280710000.0
195,-1.0275636,448920000.0
196,101.60476,1113000000.0
197,97.70203,2219000000.0
198,86.81196,120570000.0
199,75.51981,84000000.0
200,58.165436,769633860.0
201,74.321625,24390000.0
202,104.93806,58060000.0
203,104.08517,35010000.0
204,-6.6438856,916445000000.0
205,104.39376,58110000.0
206,93.142914,43550000.0
207,93.624664,2792000000.0
208,100.65244,6140000.0
209,99.91111,49230000.0
210,104.978615,100430000.0
211,102.928795,29210000.0
212,28.323298,466369470.0
213,97.13039,68029330.0
214,88.65565,18210000.0
215,105.32466,19130000.0
216,103.159805,735000000.0
217,101.81619,2381020000.0
218,66.76934,658000000.0
219,67.54267,20700000.0
220,74.28719,53140000.0
221,81.56967,34740000.0
222,94.85397,656000000.0
223,39.889027,68070000.0
224,82.80895,26250000.0
225,104.347145,10440000.0
226,93.756805,45860000.0
227,33.87109,2911000000.0
228,84.06732,332052000000.0
229,56.91881,2085000000.0
230,82.19946,135382000000.0
231,75.83653,2433000000.0
232,72.731,4700000.0
233,27.04968,200520000000.0
234,47.578465,1634000000.0
235,57.828823,111840000.0
236,90.76524,1224000000.0
237,98.014084,666000000.0
238,80.83222,1408000000.0
239,102.98316,113467040.0
240,101.983345,974000000.0
241,101.566376,2415000000.0
242,60.852127,2457900000.0
243,103.27694,67550000.0
244,54.723515,3432170000.0
245,84.57926,298000000.0
246,78.89381,183140850.0
247,71.429115,3718000000.0
248,40.755905,940000000.0
249,102.26035,27504592.0
250,81.77706,518000000.0
251,27.487282,589920000.0
252,71.9364,155120000.0
253,72.22779,121830000.0
254,102.20077,667930000.0
255,82.38323,347100000.0
256,55.343063,778140000.0
257,51.075176,97720000.0
258,45.922478,243540000.0
259,87.36975,205780000.0
260,87.64979,240400000.0
261,98.91407,157490000.0
262,63.511314,4067856.0
263,103.89088,3178000000.0
264,102.09376,3425000000.0
265,87.98018,4682000000.0
266,103.0577,1283000000.0
267,36.01468,2237000000.0
268,82.79269,1679000000.0
269,70.87792,1380000000.0
270,73.595215,6216000000.0
271,33.42175,56240000.0
272,100.211784,236900000.0
273,95.98263,29600000.0
274,98.37084,9880000.0
275,59.337467,27920000.0
276,100.35719,14840000.0
277,87.33467,461000000.0
278,103.025635,40370000.0
279,102.968506,31610000.0
280,103.14298,27510000.0
281,100.91045,447500000.0
282,104.57942,10570000.0
283,102.822716,18060000.0
284,82.44198,8210000.0
285,92.54676,20860000.0
286,102.70601,2173080.0
287,104.06656,3018465.0
288,97.88345,3277000000.0
289,98.09519,98730000.0
290,62.534332,342320000.0
291,-1.5467283,78030000.0
292,32.592506,1653000000.0
293,69.52857,577000000.0
294,86.2861,15804280000.0
295,73.60032,192970000.0
296,68.923355,176698610.0
297,73.16285,12340000.0
298,49.826996,179760000.0
299,94.586205,439300.0
300,97.99515,626000000.0
301,48.18969,517670000.0
302,95.99678,21390000.0
303,35.059834,592700000.0
304,62.89587,538000000.0
305,99.53511,100700000.0
306,59.597385,697100000.0
307,60.48664,3900000.0
308,103.86119,81130000.0
309,94.419,29450000.0
310,53.81878,11890000.0
311,76.4121,6050000.0
312,95.05286,2092000000.0
313,64.07694,4400000000.0
314,81.8782,18290000.0
315,105.30512,117770000.0
316,30.421286,882000000.0
317,100.35121,1540000000.0
318,98.03355,34360000.0
319,103.27845,5200000000000.0
320,62.841812,6050000.0
321,66.73209,6823000000.0
322,14.530183,36390000.0
323,-21.69134,22552824.0
324,41.72182,298420000.0
325,70.698,1987000000.0
326,101.911446,1399000000.0
327,97.16989,1051970000.0
328,87.43832,579700000.0
329,66.90212,1468052500.0
330,85.341995,174840000.0
331,72.87186,52530000.0
332,48.05313,12317000000.0
333,67.01324,144160000.0
334,89.202934,52567680.0
335,96.173035,1295000000.0
336,103.47644,218500000.0
337,72.68893,60817124.0
338,48.091526,18170000.0
339,54.484867,100470000.0
340,74.95698,76600000.0
341,42.826416,6000000.0
342,82.46284,84244500.0
343,95.16971,15991600.0
344,94.059944,9537890.0
345,58.67386,23600000.0
346,65.46587,8140000.0
347,104.79969,700000000.0
348,40.01904,541170000.0
349,72.67545,314780000.0
350,65.70397,32423900000.0
351,71.290245,42826704.0
352,85.767555,5880000000.0
353,83.31167,23150000.0
354,-41.25858,1288070000.0
355,80.94331,5983000000.0
356,105.13266,653820000.0
357,91.08544,83800000.0
358,63.156006,2600000.0
359,88.668724,114990000.0
360,77.305176,1288516000.0
361,96.2222,331000000.0
362,47.015648,5380000.0
363,98.66171,50000000.0
364,85.68637,7460000.0
365,52.105427,7113210000.0
366,78.50534,675409000.0
367,-26.770014,1644000000.0
368,95.41749,4960000.0
369,74.870445,102000000.0
370,82.91543,1156330000.0
371,77.47671,198920000.0
372,104.55594,179000000.0
373,103.592186,97350000.0
374,100.43279,384700000.0
375,97.40253,5306000000.0
376,100.49732,3341084700.0
377,82.60662,1541000000.0
378,87.57107,2283000000.0
379,96.95985,2443000000.0
380,78.157776,35984812.0
381,78.97988,63780000.0
382,81.83425,1929000000.0
383,41.8076,2791640000.0
384,94.986885,262130000.0
385,48.74611,290377000.0
386,100.935524,370368300.0
387,94.148254,509260000.0
388,90.92967,3596000000.0
389,60.950733,149350000.0
390,98.40407,1292760000.0
391,103.93288,278140000.0
392,83.91885,10080000.0
393,49.05465,1180000.0
394,74.62519,26345966.0
395,96.56813,8040000.0
396,56.597786,956080000.0
397,100.9165,18270000.0
398,47.073986,15330000.0
399,68.20261,11100000.0
400,105.28653,330290000000.0
401,90.87077,547040000.0
402,86.09032,45056000000.0
403,58.743954,5652000000.0
404,76.96941,273130000.0
405,101.86124,103850000.0
406,48.710453,2574700000.0
407,103.06023,24030000.0
408,91.14936,16190000.0
409,91.599976,505150000.0
410,72.569786,3147320000.0
411,89.61467,92550000.0
412,35.860752,291000000.0
413,72.41478,68867704.0
414,85.56407,1871000000.0
415,97.33647,6120000.0
416,92.26058,3231250000.0
417,88.72569,23560000.0
418,105.28416,273000000.0
419,94.15331,32490000.0
420,44.379948,41840964.0
421,71.61551,230450000.0
422,83.76465,251452060.0
423,82.66829,22290000.0
424,84.49025,16800000.0
425,74.233986,62875452.0
426,84.11855,2002200000.0
427,66.98463,20991688.0
428,104.63433,34407670.0
429,92.33656,24850000.0
430,62.930862,58380000.0
431,74.37279,28040000.0
432,42.380707,21249168.0
433,40.577755,8680000000.0
434,75.76366,513950.78
435,43.932087,1578000000.0
436,57.69592,229000000.0
437,83.349174,39000000.0
438,91.331955,30520000.0
439,64.872345,13484000000.0
440,73.27283,220000000.0
441,101.52507,79570000.0
442,88.74255,42535250000.0
443,19.138592,25729594.0
444,97.42501,47850000.0
445,23.462414,84000000.0
446,65.70612,10048074.0
447,91.91995,32870488.0
448,1.3623493,20236712.0
449,-7.122967,3892000000.0
450,83.611305,315160100000.0
451,81.444305,63270000.0
452,91.95955,6930000.0
453,88.05931,6600000.0
454,88.20843,24167908.0
455,100.33359,13500000.0
456,77.68957,122360000.0
457,88.89514,109200000.0
458,68.49237,13540000000.0
459,77.69104,10030000.0
460,59.54528,61370000.0
461,48.999146,11891000000.0
462,104.24658,977000000.0
463,97.49075,456500000.0
464,64.8953,31200000.0
465,99.568275,21990000.0
466,63.071712,48104000000.0
467,96.15071,119670000.0
468,86.79432,251180000.0
469,-23.18278,2050000000.0
470,102.319534,59081800.0
471,94.24941,203000000.0
472,85.34802,17700000000.0
473,78.38676,179851660.0
474,70.299065,1687000000.0
475,92.01747,89040000.0
476,99.53818,52370000.0
477,87.59933,24850000.0
478,102.954094,28461000000.0
479,69.037155,1641000000.0
480,80.49146,129420000.0
481,103.90662,293000000.0
482,95.35802,577000000.0
483,92.06915,52600000.0
484,32.926456,106780000.0
485,60.637028,277690000.0
486,76.27002,449510000.0
487,46.82057,3185000000.0
488,104.75724,4558000000.0
489,77.6636,4732000000.0
490,77.15646,1406363500.0
491,93.646126,15171000000.0
492,100.2268,1561000000.0
493,79.813545,1525000000.0
494,69.71271,90000000.0
495,75.68201,547050000.0
496,104.35034,50000000.0
497,78.94985,41634000000.0
498,102.30835,3820000.0
499,49.66709,113200000.0
500,94.432076,40420000.0
501,2.393643,3437000000.0
502,104.95357,129880000.0
503,98.54157,48480000.0
504,102.04998,19900000.0
505,103.53437,64700000.0
506,64.32934,163261400.0
507,-2.6694703,5247000000.0
508,69.97999,47678890.0
509,82.703255,12170000.0
510,104.05419,50000000.0
511,62.096718,505600000.0
512,99.886116,76000000.0
513,99.55868,12990000.0
514,66.843056,64361204.0
515,78.58159,1232990000.0
516,95.11915,39490000.0
517,99.62304,28829008.0
518,92.2297,4144950000.0
519,-46.77635,2639000000.0
520,67.10619,4504000000.0
521,93.80522,8427627000.0
522,99.96325,41380000.0
523,90.299065,7430000.0
524,102.11975,3418000000.0
525,72.86747,47397110.0
526,72.16334,6548490000.0
527,37.608746,225910000.0
528,84.27158,140660000.0
529,97.99764,14131700.0
530,21.447918,90477160.0
531,81.66541,154800000.0
532,100.40971,23903000000.0
533,97.769485,2020000.0
534,100.36224,1631810000.0
535,96.927055,227141000.0
536,94.3413,35298948.0
537,74.99635,14510000.0
538,44.975647,1860000.0
539,-26.093588,6582000000.0
540,87.44195,632290000.0
541,68.90441,92240000.0
542,100.27574,4096000000.0
543,84.38869,81410000.0
544,78.37983,38400000.0
545,79.12113,2193000000.0
546,102.33547,11608000000.0
547,101.570114,28131000000.0
548,101.53435,168390000.0
549,93.31257,24080000.0
550,83.86621,90240000.0
551,103.33121,290000000.0
552,83.46237,1186630000000.0
553,55.55381,31415000000.0
554,101.51849,50500000.0
555,92.84979,120000.0
556,86.93119,592000.0
557,21.413189,114332450.0
558,-38.67711,248209400000.0
559,99.221634,30510000.0
560,85.17395,21520000.0
561,73.59617,13970000.0
562,60.64272,461850000.0
563,97.251076,24790000.0
564,67.949875,29890000.0
565,76.119865,664420000.0
566,65.27652,15700000.0
567,87.00213,385250000.0
568,103.9823,12800000.0
569,102.78563,6920000.0
570,66.059906,2572000000.0
571,103.627975,13850000.0
572,2.6848054,1171130000.0
573,89.77899,4060000.0
574,87.575905,1149954700.0
575,101.79935,10440000.0
576,103.47918,4750000.0
577,100.65758,30000000.0
578,100.53608,5051000.0
579,103.74883,11610000.0
580,87.782646,14390000.0
581,15.177342,92920000.0
582,105.10894,5220000.0
583,74.7678,12150000.0
584,102.16619,5450000.0
585,62.230312,32500000.0
586,42.07815,71628560.0
587,77.50442,7810000.0
588,97.48529,158910000.0
589,78.65705,41000000.0
590,90.82272,5760000.0
591,80.900536,782650000.0
592,32.680782,83710000.0
593,103.915955,15180000.0
594,102.07584,13440000.0
595,101.59305,36180000.0
596,87.49639,88900000.0
597,99.25856,10150000.0
598,75.39365,31690000.0
599,102.46192,22550000.0
600,100.42612,4600000.0
601,102.40684,9220000.0
602,103.936485,9870000.0
603,97.96693,6070000.0
604,76.488976,424560000.0
605,81.41556,863600000.0
606,88.14472,15450000.0
607,91.05446,9540000.0
608,104.94837,11410000.0
609,100.45752,1304410000.0
610,103.205345,26610000.0
611,91.2752,11840000.0
612,100.53076,11860000.0
613,99.49681,9110000.0
614,93.08073,6630000.0
615,102.09739,16100000.0
616,99.50603,101281980.0
617,82.07475,10140000.0
618,101.17728,11000000.0
619,104.15265,8840000.0
620,89.702614,29980000.0
621,90.89751,6150000.0
622,104.09002,5340000.0
623,90.11046,16120000.0
624,84.8554,11780000.0
625,18.574814,39000000.0
626,103.94515,53068000000.0
627,59.67893,1514000000.0
628,69.87607,1244000000.0
629,72.45153,1067541250.0
630,70.22897,28200000.0
631,68.063774,43500000.0
632,39.56324,10780000.0
633,49.36981,5280000.0
634,96.95277,17511888.0
635,44.021137,14900000.0
636,81.88978,4740000.0
637,94.56278,51650000.0
638,82.778694,44140000.0
639,80.98665,43089788.0
640,90.2188,7250000.0
641,84.779274,8650000.0
642,37.309406,9020000.0
643,86.55469,14610000.0
644,60.98804,38520000.0
645,62.243256,2140000.0
646,15.316899,5330000.0
647,53.72153,18070000.0
648,32.93749,441307400.0
649,62.70025,13260000.0
650,98.582275,961830000.0
651,47.29131,6045000000.0
652,12.367238,3825000000.0
653,18.37704,78300000.0
654,97.51383,220000000.0
655,52.847668,15330000.0
656,23.865467,8910000.0
657,101.649086,12000000.0
658,54.982376,48970000.0
659,94.51605,52180000.0
660,17.471378,243650000.0
661,98.557846,11810000.0
662,10.519382,1558060000.0
663,102.964035,92840000.0
664,83.399635,9990000.0
665,85.67968,46914030000.0
666,98.20237,3970000.0
667,103.27899,23799000000.0
668,78.12318,43890000.0
669,85.094955,95182000.0
670,89.41215,37382000.0
671,62.696346,92650000000.0
672,103.09066,20720000.0
673,17.047726,180018450.0
674,37.810997,111130000.0
675,31.097775,16714139.0
676,79.07664,29430000.0
677,93.00369,941370000.0
678,75.923164,64675484.0
679,50.602222,521249000.0
680,78.84511,34870000.0
681,99.84116,17260000.0
682,94.93375,43720000.0
683,91.98507,6795750000.0
684,20.09824,72000000.0
685,85.80394,43960000.0
686,88.86692,26930000.0
687,28.463825,48450000.0
688,67.02081,97290000.0
689,77.05198,8359280000.0
690,81.19318,14260000.0
691,92.50324,19300000.0
692,100.38129,280000000000.0
693,86.9112,20391700.0
694,100.15893,3180000.0
695,103.515915,47340000.0
696,63.71367,316410000.0
697,104.51275,121570000.0
698,75.35377,11080000.0
699,89.25021,143140000.0
700,103.71838,48800000.0
701,53.765347,59000000.0
702,54.961796,58020000.0
703,104.32907,101960000.0
704,104.60589,81380000.0
705,78.66074,163980000.0
706,102.57001,187890000.0
707,60.393562,16211346.0
708,89.67429,17810000.0
709,92.58398,69830000.0
710,96.99552,2090000000.0
711,100.2287,428860000.0
712,95.3447,52050000.0
713,104.93728,886470000.0
714,95.76016,160730000.0
715,104.16009,416840000.0
716,71.72637,4970000.0
717,97.75415,14200000.0
718,88.51004,14240000.0
719,52.62201,24660000.0
720,103.72113,11730000.0
721,93.757,7680000.0
722,50.559196,4990000.0
723,89.12107,23990000.0
724,96.52002,17930000.0
725,93.12261,13110000.0
726,21.780373,21300000.0
727,55.75878,59549496.0
728,98.30381,151770000.0
729,98.11335,38430000.0
730,87.49472,205260000.0
731,103.57566,74780000.0
732,86.18671,127000000.0
733,102.85243,25000000.0
734,100.671745,24300000.0
735,104.46714,84610000.0
736,95.851036,11240000.0
737,97.05995,9350000.0
738,8.323907,10510000.0
739,104.339066,264670000.0
740,79.01779,674000000.0
741,103.39802,96630000.0
742,63.824085,62180000.0
743,95.35854,8900000.0
744,48.63701,919000000.0
745,52.326515,191280000.0
746,97.271324,1900000.0
747,99.42248,36080000.0
748,83.342224,5460000.0
749,76.75736,825000000.0
750,91.6867,18290000.0
751,99.410194,18250000.0
752,103.418495,14140000.0
753,98.836075,9920000.0
754,84.69443,39900000.0
755,90.998505,48200000.0
756,62.29083,12950000.0
757,80.81475,66910000.0
758,97.60101,37390000.0
759,65.64714,125860000.0
760,67.06384,18186456.0
761,93.64436,51450000.0
762,72.23244,16880000.0
763,79.33441,198850000.0
764,77.84972,82270000.0
765,105.0003,252450000.0
766,94.494804,5084337700.0
767,74.560295,14350000.0
768,86.65897,14830000.0
769,55.912224,64160000.0
770,104.06528,113580000.0
771,75.370186,17330000.0
772,62.631668,98910600000.0
773,76.66227,48530890.0
774,11.9094925,12554759.0
775,60.23622,112951000000.0
776,85.16048,12820000.0
777,100.61277,198000000.0
778,49.463142,142035200.0
779,61.148552,1040930000.0
780,76.78754,837180000.0
781,101.93791,108210000.0
782,105.21217,284470000.0
783,80.437965,25687898.0
784,101.2432,59230000.0
785,83.89269,587290000.0
786,105.05186,739000000.0
787,93.50402,14880000.0
788,60.728527,102620000.0
789,74.7613,150956130.0
790,99.65626,28580000.0
791,64.39864,11980000.0
792,61.414722,1503000000.0
793,94.6307,3685000000.0
794,86.267914,68270000.0
795,67.830284,75569000000.0
796,87.13445,70550000.0
797,77.32084,6830000.0
798,97.16215,11480000.0
799,92.09018,15640000.0
800,87.72905,6800000.0
801,88.78799,9970000.0
802,100.86549,28930000.0
803,76.30903,89130000.0
804,77.804474,5290000.0
805,74.682755,56780000.0
806,58.101055,14640000.0
807,96.28332,180830000.0
808,71.63654,9560000.0
809,82.55891,5660000.0
810,92.018166,6070000.0
811,67.944534,63810000.0
812,89.22124,5250000.0
813,17.645782,30680000.0
814,101.823586,6680000.0
815,100.03379,113660000.0
816,53.40285,42040000.0
817,56.477222,17300000.0
818,102.51319,27469412.0
819,56.541412,9632850000.0
820,81.22793,207000000.0
821,55.850117,213500000.0
822,84.59732,10790000.0
823,103.794426,9830000.0
824,101.85892,16157785000.0
825,97.80586,63900000.0
826,87.29969,4674000000.0
827,100.93624,22370000.0
828,94.25399,21390000.0
829,104.04404,19730000.0
830,101.891075,3750000.0
831,97.14838,19980000.0
832,103.75553,25790000.0
833,90.716576,10660000.0
834,103.995804,5850000.0
835,103.63947,968000000.0
836,103.46175,7720000.0
837,80.88896,37790000.0
838,86.20026,12300000.0
839,104.69041,17690000.0
840,100.571686,13290000.0
841,103.46616,14150000.0
842,77.16358,51060000.0
843,-52.87828,5500000000.0
844,78.661,90421900.0
845,78.562675,1172000000.0
846,76.44436,321490000.0
847,68.61233,2034000000.0
848,82.975235,21160000.0
849,93.29481,8220000.0
850,104.0592,57070000.0
851,33.58112,3677000000.0
852,56.914776,1887000000.0
853,85.98548,149000000.0
854,101.09057,130650000.0
855,92.22974,5158000000.0
856,95.54752,3317000000.0
857,41.236927,4227000000.0
858,34.85944,473900000.0
859,78.01782,65416136.0
860,76.61426,23900000.0
861,102.88392,56740000.0
862,85.46231,155700000.0
863,77.72392,5999000000.0
864,67.80053,98175464.0
865,90.64633,33080000.0
866,72.46838,34190000.0
867,93.965675,9500000.0
868,95.654274,92170000.0
869,70.47129,72090000.0
870,104.68924,12200000.0
871,95.33141,40500000.0
872,49.292984,402000000.0
873,94.62799,11750000.0
874,99.771515,24190000.0
875,18.92487,24270000.0
876,72.834274,560988000000.0
877,104.45731,12400000.0
878,58.85178,28270000.0
879,101.46684,23640000.0
880,102.093155,12660000.0
881,95.92238,43890000.0
882,38.8614,11160000.0
883,88.623344,60860000.0
884,21.352604,139355.0
885,98.351814,10380000.0
886,100.30363,2580000.0
887,92.53024,3560000.0
888,97.09878,8970000.0
889,103.43874,11110000.0
890,103.69135,124660000.0
891,74.12239,22170000.0
892,81.51457,9790000.0
893,96.216705,41810000.0
894,90.2565,4506000000.0
895,30.248821,11458107000.0
896,103.5153,7390000.0
897,66.21035,330000.0
898,97.829575,22530000.0
899,47.407734,71370000.0
900,72.95972,523868540.0
901,73.72256,57990000.0
902,82.119354,577480000.0
903,99.2519,18130000.0
904,77.42343,25430000.0
905,85.66174,79240000.0
906,86.053566,145105490.0
907,87.30555,19170000.0
908,86.21079,330900000.0
909,100.78315,25020000.0
910,80.98164,5970000000.0
911,66.913536,1390823.6
912,78.86802,60040000.0
913,104.35244,13570000.0
914,92.93429,3900000.0
915,96.6756,47710000.0
916,85.4125,293652000000.0
917,101.48475,277000000.0
918,88.89248,63110000.0
919,36.31174,68480000.0
920,105.30625,11060000.0
921,104.82874,112840000.0
922,62.37045,235120000.0
923,97.22425,6812570000.0
924,99.908195,71090000.0
925,100.48311,16160000.0
926,101.246994,12810000.0
927,99.41534,10930000.0
928,99.2646,9630000.0
929,79.35924,13880000.0
930,68.6386,104720000.0
931,65.52541,683000000.0
932,105.2735,2346000000.0
933,104.123055,11280000.0
934,90.85608,9080000.0
935,104.65527,8552000000.0
936,103.59726,25510000.0
937,103.47622,30240000.0
938,75.06309,41580000.0
939,68.4596,35000000.0
940,18.542973,24320000.0
941,47.85409,38484812.0
942,63.241306,20280000.0
943,104.31937,22030000.0
944,86.64256,58050000.0
945,100.143776,13840000.0
946,100.78774,20300000.0
947,86.71334,10220000.0
948,85.95782,37370000.0
949,56.766888,15290000.0
950,85.393936,33740000.0
951,75.29601,14570000.0
952,73.41091,15020000.0
953,60.381756,45430000.0
954,102.46217,137590000.0
955,63.99269,100400000.0
956,103.51811,13480000.0
957,98.06191,4770000.0
958,53.916115,5280000.0
959,50.42806,16880000.0
960,91.61974,21330000.0
961,105.21057,49920000.0
962,92.704,43680000.0
963,66.799286,11580000.0
964,84.44546,5790000.0
965,64.94215,3220000.0
966,93.89949,31240000.0
967,96.51556,85640000.0
968,38.801727,672000000.0
969,84.125206,54130750.0
970,99.07333,283720000.0
971,79.40415,13670000.0
972,83.25174,37440000.0
973,100.001976,279070000.0
974,105.21896,81110000.0
975,80.828415,42012000000.0
976,25.568453,694000000.0
977,98.99357,19720000.0
978,93.85458,15540000.0
979,83.65917,43710000.0
980,101.399155,100950000.0
981,52.40357,35959260.0
982,61.435265,31660000.0
983,101.94522,17890000.0
984,100.45919,70040000.0
985,90.281456,33830000.0
986,104.26539,24050000.0
987,52.715134,61370000.0
988,105.13506,35480000.0
989,-9.037841,331983200000.0
990,-22.925823,903357000000.0
991,83.768234,50990000.0
992,95.77039,35320000.0
993,93.58103,9370000.0
994,75.87838,1220000000.0
995,76.04311,1523000000.0
996,63.98143,4320000000.0
997,90.451904,3919000000.0
998,75.57878,31650000.0
999,96.89967,21840000.0
1000,89.92585,118170000.0
1001,54.175587,46630000.0
1002,103.23473,45180000.0
1003,102.50625,26240000.0
1004,92.115944,36160000.0
1005,104.95946,58790000.0
1006,71.29322,19200000.0
1007,78.368065,15500000.0
1008,98.038605,61590000.0
1009,104.531586,36680000.0
1010,103.68253,36430000.0
1011,83.1716,56230000.0
1012,103.51512,27590000.0
1013,61.904266,19309260.0
1014,60.071167,1373000000.0
1015,102.23017,124820000.0
1016,80.304,14090000.0
1017,75.04295,46818668.0
1018,85.87228,8790000.0
1019,90.91738,18970000.0
1020,104.62648,28180000.0
1021,95.05702,28810000.0
1022,103.21882,50810000.0
1023,86.80548,27350000.0
1024,89.32148,13880000.0
1025,82.70118,196380000.0
1026,86.75099,126640000.0
1027,104.321526,9230000.0
1028,84.98087,3790000.0
1029,90.29904,7510000.0
1030,98.37607,2440000.0
1031,64.16522,977000000.0
1032,81.617455,66500000.0
1033,102.86885,810666300.0
1034,80.49275,1409000000.0
1035,98.46626,1129234800.0
1036,70.17332,39850000.0
1037,99.581375,98000000.0
1038,63.602283,4224818.0
1039,50.317966,82820000.0
1040,80.716835,1812000000.0
1041,74.399185,1454000000.0
1042,71.45519,83120000.0
1043,95.313934,51050000.0
1044,42.470604,185280000.0
1045,50.51659,6537000000.0
1046,58.891064,21810000.0
1047,88.16293,263900000.0
1048,88.24227,9000000.0
1049,104.173355,664640000.0
1050,67.85227,31440000.0
1051,64.49199,1855319800.0
1052,102.24033,51110000.0
1053,96.18916,2070450000.0
1054,77.16409,3200000000000.0
1055,99.45703,114900000.0
1056,97.97618,44200000.0
1057,100.48531,50510000.0
1058,4.006666,1347791000000.0
1059,96.48827,17720000.0
1060,58.801147,15190000.0
1061,103.228806,24830000.0
1062,84.5389,41660000.0
1063,64.356285,873720000.0
1064,68.25255,29710000.0
1065,86.66344,911570000.0
1066,93.22848,36910000.0
1067,42.19023,2233000000.0
1068,97.547844,122410000.0
1069,104.97074,113750000.0
1070,102.90344,1720000.0
1071,77.117836,8710000.0
1072,104.350006,8530000.0
1073,87.575325,11530000.0
1074,46.018055,16010000.0
1075,80.11321,20390000.0
1076,97.76578,16410000.0
1077,79.816864,18800000.0
1078,94.597,92582840.0
1079,99.96941,377831420.0
1080,101.680916,28350000.0
1081,102.27426,24070000.0
1082,99.07994,17080000.0
1083,82.495514,21360000.0
1084,100.78287,17970000.0
1085,102.35964,11840000.0
1086,80.945404,7118481.0
1087,79.86176,14680000.0
1088,100.616776,6230000.0
1089,101.278206,28620000.0
1090,100.74148,19230000.0
1091,105.306854,80630000.0
1092,97.72028,31860000.0
1093,52.769287,10422771.0
1094,91.06276,39680000.0
1095,56.434036,33970000.0
1096,53.274803,25980000.0
1097,102.875084,23610000.0
1098,105.33706,18760000.0
1099,88.92018,15750000.0
1100,103.983864,64880000.0
1101,101.18356,8688910.0
1102,105.2205,27990000.0
1103,90.230865,8303000000.0
1104,104.32846,6980000.0
1105,30.476435,320000000000.0
1106,91.12526,127320000.0
1107,70.44015,56109024.0
1108,58.516254,4210000.0
1109,92.711174,165480000.0
1110,104.88503,10970600.0
1111,72.70648,12794541.0
1112,50.3188,1288000000.0
1113,99.46499,4890000.0
1114,51.572895,2328000000.0
1115,38.796146,2215000000.0
1116,56.76664,3069000000.0
1117,82.24304,39200000.0
1118,61.687614,1489000000.0
1119,9.472286,15093000000.0
1120,103.18209,1308000000.0
1121,86.953,1531000000.0
1122,101.48085,53790000.0
1123,54.63252,969210000.0
1124,88.21979,349000000.0
1125,87.18059,51290000.0
1126,85.58733,29000000.0
1127,55.17316,91030000.0
1128,74.92917,76490000.0
1129,79.4308,33130000.0
1130,102.63024,59390000.0
1131,78.466354,12738100.0
1132,59.907917,1802631700.0
1133,105.0803,102260000.0
1134,74.30539,796760000.0
1135,78.9164,1313000000.0
1136,102.68241,1025240000.0
1137,93.95968,26180000.0
1138,104.35106,5320000.0
1139,104.5814,60470000.0
1140,104.31245,17930000.0
1141,93.51361,16800000.0
1142,78.876114,31580000.0
1143,92.645744,52000000.0
1144,90.04356,6961000000.0
1145,102.14145,19850000.0
1146,96.79759,10100000.0
1147,99.97002,11780000.0
1148,105.34829,17830000.0
1149,81.21666,13820000.0
1150,104.95682,9520000.0
1151,103.47618,19070000.0
1152,95.90155,17640000.0
1153,90.55715,22440000.0
1154,90.331535,14000000.0
1155,97.57069,60007000.0
1156,11.111361,1380400000.0
1157,89.26048,5410000.0
1158,86.10248,2710000.0
1159,98.10149,10500000.0
1160,103.765526,4150000.0
1161,79.37466,1860000.0
1162,101.42348,12410000.0
1163,100.151665,2520000.0
1164,102.46995,4600000.0
1165,95.18069,4800000.0
1166,99.76415,19020000.0
1167,103.72707,17140000.0
1168,104.432335,7080000.0
1169,105.07949,11510000.0
1170,93.43863,19620000.0
1171,92.31578,1559159000000.0
1172,-28.838783,1554291800000000.0
1173,98.2774,45270000.0
1174,97.74316,100010000.0
1175,100.67487,12340000.0
1176,104.9694,5420000.0
1177,96.47269,6900000.0
1178,105.291145,89570000.0
1179,79.59296,9740000.0
1180,67.02067,39120000.0
1181,75.644424,1045000000.0
1182,102.64718,24720000.0
1183,98.170685,11710000.0
1184,103.69921,19120000.0
1185,72.02572,118600000.0
1186,74.00765,1850740000.0
1187,82.678604,52120000.0
1188,103.4364,162760000.0
1189,58.12782,24690000.0
1190,101.21572,125630000.0
1191,78.0805,168490000.0
1192,103.911125,104570000.0
1193,102.24516,16400000.0
1194,95.209854,195300000.0
1195,97.518166,9300000.0
1196,93.48131,4860000.0
1197,66.77511,12420000.0
1198,104.42344,4330000.0
1199,83.35215,16010000.0
1200,92.80169,7400000.0
1201,100.12537,30570000.0
1202,99.04321,116710000.0
1203,102.00949,24810000.0
1204,98.66071,5480000.0
1205,84.65155,3950000.0
1206,96.75943,6360000.0
1207,103.95554,24580000.0
1208,88.627686,23390000.0
1209,92.68646,27240000.0
1210,103.882935,1620000.0
1211,70.87182,11820000.0
1212,99.957,25110000.0
1213,83.324234,43510000.0
1214,99.19896,18840000.0
1215,105.02241,16100000.0
1216,92.32563,8250000.0
1217,99.7064,5480000.0
1218,100.649055,317340000.0
1219,103.49835,78710000.0
1220,104.23837,23680000.0
1221,89.90441,20650000.0
1222,99.66007,12880000.0
1223,97.81865,5800000.0
1224,98.99612,4070000.0
1225,103.03047,8500000.0
1226,104.754364,25870000.0
1227,76.55717,30020000.0
1228,56.79663,13030000.0
1229,105.12665,8010000.0
1230,59.99618,12770000.0
1231,52.87582,19870000.0
1232,104.04995,4200000.0
1233,102.601906,9750000.0
1234,101.59143,22780000.0
1235,101.683754,10970000.0
1236,103.722244,18920000.0
1237,83.22837,3590000.0
1238,104.183685,2970000.0
1239,98.5303,119650000.0
1240,94.71107,9990000.0
1241,56.97788,7960000.0
1242,63.583443,4189000000.0
1243,105.354515,8710000.0
1244,98.890686,4640000.0
1245,104.54159,6560000.0
1246,95.233536,23960000.0
1247,90.96273,10790000.0
1248,97.567665,10110000.0
1249,97.042984,42020000.0
1250,103.53821,11380000.0
1251,101.965996,28570000.0
1252,102.811295,30570000.0
1253,85.53397,16070000.0
1254,88.581314,19490000.0
1255,90.25061,600000.0
1256,55.717594,7090000.0
1257,78.53292,1410000000.0
1258,91.905426,5900000.0
1259,101.714,81330000.0
1260,85.880295,154380000.0
1261,66.674576,91860000.0
1262,104.22648,21890000.0
1263,101.67394,19140000.0
1264,93.71528,112490000.0
1265,73.61392,10321196.0
1266,80.63624,104090000.0
1267,49.83346,22437068.0
1268,91.79992,3465000000.0
1269,12.226958,4390000000.0
1270,93.496124,77390000.0
1271,79.13845,56870000.0
1272,47.003765,1815000000.0
1273,43.999165,7953150000.0
1274,78.35156,438690000.0
1275,100.348625,2260000.0
1276,48.210426,319400000.0
1277,87.70348,1500000.0
1278,59.99393,1953810000.0
1279,58.634308,8851311.0
1280,100.0737,111790000.0
1281,69.270195,49010000.0
1282,95.10281,17020000.0
1283,101.8915,26500000.0
1284,105.17563,12270000.0
1285,103.15277,49350000.0
1286,89.79694,9040000.0
1287,95.399475,23087958.0
1288,100.04941,19970000.0
1289,81.71231,25260000.0
1290,58.44875,996740000.0
1291,93.07192,11450000.0
1292,103.632576,23750000.0
1293,47.95609,27320000.0
1294,73.31941,23250000.0
1295,71.08663,936080000.0
1296,102.291336,26450000.0
1297,76.252144,44870000.0
1298,103.55778,12105241.0
1299,104.21,20210000.0
1300,14.6587105,78130000.0
1301,87.62881,47870000.0
1302,94.59064,24690000.0
1303,26.595179,73340000.0
1304,91.085815,181880000.0
1305,11.304427,20150000.0
1306,100.519356,15480000.0
1307,63.514454,153840000.0
1308,36.819992,34970000.0
1309,96.16342,28760000.0
1310,103.93278,31740000.0
1311,79.587105,21320000.0
1312,104.69918,41410000.0
1313,68.122955,49420000.0
1314,101.775314,1840000.0
1315,99.87164,33290000.0
1316,77.53066,43320000.0
1317,96.300415,5070000.0
1318,104.03243,4460000.0
1319,104.762726,9020000.0
1320,100.98699,11888500.0
1321,98.219,3520000.0
1322,104.921165,23490000.0
1323,100.547134,164430000.0
1324,90.19223,96820000.0
1325,74.06719,250860000.0
1326,90.79703,103210000.0
1327,103.23049,19010000.0
1328,95.81514,26540000.0
1329,86.25464,19030000.0
1330,98.73831,6520000.0
1331,76.73942,12910000.0
1332,104.49952,7669780.0
1333,100.31736,14640000.0
1334,91.43319,676000000.0
1335,102.87128,6130000.0
1336,61.28694,209760000.0
1337,101.04948,7348640.0
1338,71.04492,1177000000.0
1339,99.16799,83798360.0
1340,90.42449,33079804.0
1341,98.852875,8789610.0
1342,-0.45431685,769830000.0
1343,50.524223,163120000.0
1344,67.308945,6060000000.0
1345,88.145874,5641000000.0
1346,63.447693,1466000000.0
1347,67.125175,36301270.0
1348,75.07773,1759000000.0
1349,92.49165,11731000000.0
1350,68.49289,1059000000.0
1351,67.306206,1845000000.0
1352,29.822178,1972000000.0
1353,92.61178,17000000.0
1354,85.282715,5710000000.0
1355,85.55673,2880000000.0
1356,71.787254,1990000000.0
1357,93.27185,2048000000.0
1358,86.919945,1861000000.0
1359,87.44967,1431000000.0
1360,105.19463,3716000000.0
1361,62.985085,1762000000.0
1362,102.01043,229460000.0
1363,82.53797,662000000.0
1364,89.31512,1207000000.0
1365,16.37841,780000000.0
1366,62.1339,2030000000.0
1367,81.578545,1746000000.0
1368,77.98686,989375500.0
1369,97.46096,1516000000.0
1370,79.41748,1880500000.0
1371,103.7255,1055000000.0
1372,97.987114,1091590000.0
1373,104.41035,33900000.0
1374,65.61378,1140000000.0
1375,85.44145,2208000000.0
1376,68.25371,198885570.0
1377,103.6351,741000000.0
1378,51.928883,4315000000.0
1379,92.599815,1928000000.0
1380,53.904057,233000000.0
1381,97.50719,3082000000.0
1382,84.981895,2225000000.0
1383,85.04535,192680000.0
1384,38.81381,2058000000.0
1385,96.04653,1269000000.0
1386,54.646835,3341084700.0
1387,91.253334,30650000.0
1388,95.863556,2981000000.0
1389,62.83602,17050000.0
1390,45.88204,1998000000.0
1391,96.58815,2979000000.0
1392,83.730064,160520000.0
1393,44.0245,1047000000.0
1394,29.407478,1491833100.0
1395,96.92019,2359479300.0
1396,84.71863,1980000000.0
1397,96.74064,52050000.0
1398,98.64691,1323000000.0
1399,84.9512,1989000000.0
1400,96.79742,1589000000.0
1401,82.554344,14580000.0
1402,89.32082,1755000000.0
1403,96.56214,1850000.0
1404,103.90241,1168000000.0
1405,88.68884,1671000000.0
1406,104.24742,29780000.0
1407,98.53245,114370000.0
1408,71.25422,19850000.0
1409,74.264206,2896000000.0
1410,71.83822,1889000000.0
1411,105.22368,467000000.0
1412,101.655624,59700000.0
1413,103.056496,56420000.0
1414,89.865395,46300000.0
1415,100.37056,4190000.0
1416,95.89795,10050000.0
1417,72.92214,543897500.0
1418,58.569843,2146000000.0
1419,101.42261,11430000.0
1420,99.99991,9990000.0
1421,77.801056,1283000000.0
1422,94.975555,13230000.0
1423,76.86943,43574056.0
1424,72.77645,27650000.0
1425,62.15275,145100000.0
1426,103.32492,14480000.0
1427,65.67522,359048740.0
1428,104.85738,26480000.0
1429,93.84279,869000000.0
1430,102.56939,7754000000.0
1431,92.33487,1340000000.0
1432,74.021965,2703890000.0
1433,61.812603,15000000.0
1434,104.974,10050000.0
1435,81.78575,41070000.0
1436,75.52719,2061000000.0
1437,81.26382,82460000.0
1438,72.534134,38800000.0
1439,65.677124,1937350000.0
1440,79.85018,1630000000.0
1441,95.19196,2027000000.0
1442,67.5831,1134000000.0
1443,51.861298,33800000.0
1444,95.35398,2863000000.0
1445,82.90817,66440000.0
1446,104.48272,2218000000.0
1447,7.3265514,1702000000.0
1448,77.532005,1119000000.0
1449,68.62529,852000000.0
1450,103.95736,18570000.0
1451,85.05782,3181000000.0
1452,67.68852,929000000.0
1453,48.69264,1136000000.0
1454,24.801498,3911000000.0
1455,94.54477,97108870.0
1456,82.75436,4258000000.0
1457,94.044685,1400000000.0
1458,81.888145,692800000.0
1459,95.14651,108200000.0
1460,90.70364,9331000000.0
1461,101.64319,14510000.0
1462,68.29314,33920000.0
1463,70.715355,6430000.0
1464,101.59175,9890000.0
1465,99.32444,31570000.0
1466,104.90794,20220000.0
1467,93.66241,25780000.0
1468,13.782846,1570000000.0
1469,81.4424,1134414800.0
1470,104.90651,16821568.0
1471,98.37425,898000000.0
1472,104.08471,1771551900.0
1473,95.67761,1116000000.0
1474,103.375694,2351709200.0
1475,102.75963,900900000.0
1476,99.68692,942000000.0
1477,101.91767,46590000.0
1478,80.235435,19440000.0
1479,42.595848,75550000.0
1480,96.10617,801480000.0
1481,34.705353,820000000.0
1482,104.173904,42160000.0
1483,76.23597,117854820000.0
1484,102.26935,12560000.0
1485,104.69708,15910000.0
1486,7.2610245,746000000.0
1487,103.07431,1546000000.0
1488,46.84889,95800000.0
1489,102.61394,2636608000.0
1490,100.7932,1243000000.0
1491,84.74171,54020000.0
1492,100.20668,985000000.0
1493,104.05761,2131000000.0
1494,47.759304,12210000.0
1495,72.12566,1435000000.0
1496,93.13953,12140000.0
1497,104.21761,45980000.0
1498,-4.3073425,1439000000.0
1499,77.88282,976425540.0
1500,104.37431,94460000.0
1501,59.592365,483000000.0
1502,81.31859,33340000.0
1503,79.24068,111024280.0
1504,88.65675,952000000.0
1505,69.71904,9060000.0
1506,55.324963,689000000.0
1507,77.40094,561000000.0
1508,105.29453,1723000000.0
1509,68.3104,5018219.0
1510,100.29106,1583000000.0
1511,73.35459,2952000000.0
1512,101.521835,941000000.0
1513,71.09869,1088000000.0
1514,87.32469,6559000000.0
1515,84.13934,1860000000.0
1516,67.83179,809526660.0
1517,74.210556,1259150000.0
1518,35.365482,112100000.0
1519,103.45731,33486200.0
1520,102.17625,524000000.0
1521,95.1957,1126290000.0
1522,69.36574,11500000.0
1523,60.692974,874000000.0
1524,87.48454,446000000.0
1525,63.90749,51460000.0
1526,73.27222,16500000.0
1527,62.3878,676260000.0
1528,104.397705,1600420000.0
1529,68.28458,2028410000.0
1530,95.564896,754000000.0
1531,71.07291,24904354.0
1532,94.3539,28780000.0
1533,75.23196,2550000000.0
1534,82.5789,996000000.0
1535,84.20154,6089000000.0
1536,90.20125,830000000.0
1537,73.58937,1014000000.0
1538,79.64637,2570220.0
1539,89.03623,959000000.0
1540,89.17993,875000000.0
1541,39.131176,750000000.0
1542,87.871086,1005000000.0
1543,84.59208,934040000.0
1544,88.87109,519130000.0
1545,92.68782,1047000000.0
1546,78.18572,1041000000.0
1547,68.870346,717350000.0
1548,78.83324,2642000000.0
1549,78.791595,104480120000.0
1550,102.56331,22500000.0
1551,79.07228,852000000.0
1552,103.45661,722420000.0
1553,46.934563,257460000.0
1554,79.653656,1792000000.0
1555,85.368645,733610000.0
1556,101.86863,1759000000.0
1557,75.89774,81448760.0
1558,104.162575,562027400.0
1559,82.73888,2238000000.0
1560,96.163574,1853000000.0
1561,64.31657,3158000000.0
1562,91.59017,29630000.0
1563,84.26675,14430000.0
1564,91.82483,2121000000.0
1565,99.44469,13670000.0
1566,101.64267,19477240000.0
1567,105.08861,14960000.0
1568,102.21742,14100000.0
1569,100.15166,2115000000.0
1570,55.077854,883000000.0
1571,81.992584,27420000.0
1572,78.019356,14680000.0
1573,87.16239,71350000.0
1574,88.62384,21880000.0
1575,97.80433,7560000.0
1576,103.90247,1133000000.0
1577,104.32102,6110000.0
1578,76.85919,84050000.0
1579,100.588554,18360000.0
1580,94.27609,54380000.0
1581,87.02865,463876600.0
1582,90.22491,20351388.0
1583,101.47411,157890000.0
1584,103.441605,63090000.0
1585,102.930534,20110000.0
1586,97.752,71400000.0
1587,84.64788,54170000.0
1588,89.354095,55770000.0
1589,89.53962,172510000.0
1590,102.1891,84930000.0
1591,64.55022,31930000.0
1592,19.656515,40565404.0
1593,59.888386,49390000.0
1594,85.82927,52880000.0
1595,88.42064,169190000.0
1596,104.39283,188490000.0
1597,51.54922,102120000.0
1598,72.38946,16430000.0
1599,69.811295,56630000.0
1600,102.17975,100190000.0
1601,85.85205,40770000.0
1602,91.245834,8530000.0
1603,89.439384,952000000.0
1604,85.72514,8770000.0
1605,92.3162,8200000.0
1606,78.69747,26820000.0
1607,103.31514,14460000.0
1608,93.56097,1131190000.0
1609,95.174965,62510000.0
1610,96.06259,44450000.0
1611,103.69661,66610000.0
1612,102.95908,22070000.0
1613,101.64853,233670000.0
1614,92.10657,72180000.0
1615,93.134735,719540000.0
1616,85.311844,7840000.0
1617,104.32134,24130000.0
1618,104.94684,33910000.0
1619,103.31786,70020000.0
1620,103.08172,71810000.0
1621,61.653156,19260000.0
1622,104.9778,76660000.0
1623,103.70493,95710000.0
1624,80.406204,176630000.0
1625,47.877293,79480000.0
1626,100.46966,32620000.0
1627,100.88746,1990090000.0
1628,100.096016,61160000.0
1629,97.185646,23100000.0
1630,82.47969,30690000.0
1631,93.52388,38180000.0
1632,104.611694,128690000.0
1633,73.65774,12684669.0
1634,91.567795,30470000.0
1635,87.9734,4870000.0
1636,81.67431,11320000.0
1637,84.3938,8140000.0
1638,104.02279,46260000.0
1639,82.62528,8360000.0
1640,83.47368,14460000.0
1641,100.8182,16980000.0
1642,66.6603,29120000.0
1643,105.272675,28310000.0
1644,96.208244,35760000.0
1645,98.92802,27500000.0
1646,102.66158,6073030.0
1647,80.28223,2730000.0
1648,61.679787,242900000.0
1649,70.34048,3133000000.0
1650,84.49399,9210000.0
1651,29.650774,23240000.0
1652,47.37637,56060000.0
1653,80.718376,24290000.0
1654,60.275352,22400000.0
1655,99.66435,19600000.0
1656,56.441616,66120000.0
1657,103.30467,48620000.0
1658,83.19475,31950000.0
1659,86.037735,33550000.0
1660,74.12006,23560000.0
1661,103.23312,21200000.0
1662,-46.100433,2437000000.0
1663,77.200066,174860000.0
1664,59.529243,20910000.0
1665,103.741875,19840000.0
1666,99.43909,18320000.0
1667,77.66404,11550000.0
1668,-18.246548,33320000.0
1669,76.950005,86200000.0
1670,88.307755,81970000.0
1671,89.89695,11080000.0
1672,63.375034,35650000.0
1673,103.906944,90410000.0
1674,-0.38019764,14670000.0
1675,13.038003,24200000.0
1676,102.36346,41680000.0
1677,104.74786,30660000.0
1678,65.790306,49220000.0
1679,82.654106,52890000.0
1680,45.33647,2821000000.0
1681,96.053314,6146000000.0
1682,88.434425,10470000.0
1683,99.73057,24800000.0
1684,75.380295,8590000.0
1685,89.68039,94203790.0
1686,102.36258,1349383800.0
1687,87.45374,44480000.0
1688,103.103546,73360000.0
1689,104.20693,32780000.0
1690,77.41006,30360000.0
1691,104.516266,34370000.0
1692,100.13692,6590000.0
1693,96.61117,8340000.0
1694,104.13349,17530000.0
1695,86.27697,17970000.0
1696,28.610054,8810000.0
1697,105.28355,21670000.0
1698,104.801384,33300000.0
1699,97.57578,28250000.0
1700,97.93992,21700000.0
1701,79.26155,10470000.0
1702,101.25193,15368000000.0
1703,95.03707,10870000.0
1704,103.690186,12300000.0
1705,91.68566,18780000.0
1706,101.14775,56330000.0
1707,104.959305,11690000.0
1708,93.61639,17170000.0
1709,86.833046,51640000.0
1710,105.026665,16700000.0
1711,91.12203,27340000.0
1712,102.86724,7130000.0
1713,104.03277,20680000.0
1714,69.46354,39580000.0
1715,103.92522,9240000.0
1716,100.08667,15730000.0
1717,98.11517,8840000.0
1718,78.937935,7810000.0
1719,102.054504,4960000.0
1720,104.57047,15110000.0
1721,62.205315,29738010.0
1722,81.82362,17194000000.0
1723,94.839005,10303000000.0
1724,81.54812,40510000.0
1725,89.596176,19180000.0
1726,85.015366,21120000.0
1727,95.318985,25080000.0
1728,100.51065,46690000.0
1729,103.07355,20570000.0
1730,104.61612,41940000.0
1731,103.02898,29030000.0
1732,103.22318,82670000.0
1733,68.08763,16240000.0
1734,87.24754,10980000.0
1735,69.98924,74280000.0
1736,95.16685,30210000.0
1737,78.82727,11310000.0
1738,48.532917,24778938.0
1739,92.015594,170290000.0
1740,71.83552,14830000.0
1741,77.7396,4046.8564
1742,90.65922,185000000.0
1743,103.048775,43940000.0
1744,98.71595,466890000.0
1745,104.83874,38960000.0
1746,99.69281,67330000.0
1747,68.411804,19680000.0
1748,68.46375,25860000.0
1749,83.47164,8282225.0
1750,101.55462,7490000.0
1751,80.604485,13180000.0
1752,49.9859,8170000.0
1753,101.02271,5793670.0
1754,102.45846,2127990000.0
1755,93.16665,14400000.0
1756,100.294586,24430000.0
1757,103.35057,6020000.0
1758,85.08304,20320000.0
1759,97.3221,19430000.0
1760,91.93139,37550000.0
1761,100.21463,7300000.0
1762,97.28166,17590000.0
1763,91.38714,25795000000.0
1764,102.6666,53100000.0
1765,61.612858,1848000000.0
1766,90.965836,23130000.0
1767,84.585724,12040000.0
1768,87.04273,68830000.0
1769,97.36054,6700000.0
1770,72.54485,7493097.0
1771,1.6036685,2268000000.0
1772,87.57176,26637906.0
1773,99.4835,19333400.0
1774,51.957478,9260000.0
1775,101.28168,11930000.0
1776,16.075476,7020000.0
1777,74.4858,35300000.0
1778,77.77309,5640000.0
1779,92.066154,1098000000.0
1780,87.703384,147380000.0
1781,93.01085,21230000.0
1782,91.82457,17370000.0
1783,102.2886,9160000.0
1784,70.161766,18860000.0
1785,86.53571,17470000.0
1786,102.956184,41560000.0
1787,99.064095,1930000.0
1788,71.135086,10110000.0
1789,91.254456,10214800.0
1790,76.052925,8150000.0
1791,81.46304,862520000.0
1792,87.0904,14870000.0
1793,95.72025,18250000.0
1794,31.725803,2760000.0
1795,72.60457,5700000.0
1796,79.57814,13529703.0
1797,64.8878,1565000000.0
1798,104.551186,35870000.0
1799,91.42698,1412000000.0
1800,97.70291,9420000.0
1801,83.06788,4870000.0
1802,63.472065,1468000000.0
1803,93.842255,1651000000.0
1804,80.43199,1093560000.0
1805,72.97427,61780000.0
1806,104.2929,85120000.0
1807,33.054832,258140000.0
1808,76.85855,122900000.0
1809,101.81589,221980000.0
1810,20.690344,346010000.0
1811,94.71033,265120000.0
1812,69.1632,211900000.0
1813,81.15441,705824.0
1814,96.18532,19470000.0
1815,58.579124,9500000.0
1816,10.772304,49300000.0
1817,54.973198,45710000.0
1818,62.203117,4750000.0
1819,88.37513,7150000.0
1820,88.47197,17930000.0
1821,47.31196,1976640000.0
1822,28.951551,14630000.0
1823,98.63141,1462740000.0
1824,91.19657,582690000.0
1825,41.079384,20810000.0
1826,101.801796,45790000.0
1827,63.02724,26730000.0
1828,85.389565,3950000.0
1829,87.783485,11010000.0
1830,74.95467,29970000.0
1831,84.42639,21310000.0
1832,80.873146,14520000.0
1833,91.968155,2741220.0
1834,80.938805,68820000.0
1835,100.111916,4950200.0
1836,84.92852,5135000000.0
1837,99.233055,53830000.0
1838,64.11604,63860000.0
1839,80.64617,12760000.0
1840,98.53867,6151370.0
1841,98.17679,10243600.0
1842,88.56063,8570000.0
1843,5.5788507,668640000.0
1844,103.49714,13880000.0
1845,90.080315,38190000.0
1846,94.01755,14100000.0
1847,86.11427,25370000.0
1848,72.250435,53071450.0
1849,97.48425,22152180.0
1850,72.36865,14500000.0
1851,79.766685,6540000.0
1852,99.503586,62430000.0
1853,50.641823,85210000.0
1854,85.613655,26980000.0
1855,59.47214,13300000.0
1856,86.21258,8130000.0
1857,18.950836,31340000.0
1858,64.54481,23750000.0
1859,94.739746,37940000.0
1860,95.2139,5330000.0
1861,102.99342,6550000.0
1862,101.81993,9180000.0
1863,42.622974,8400000.0
1864,65.9963,14350000.0
1865,103.6856,9440000.0
1866,99.7442,41780000.0
1867,96.88825,15410000.0
1868,102.04899,26140000.0
1869,80.62211,5597867.0
1870,100.75313,17810000.0
1871,36.29639,27600000.0
1872,74.133934,3400000.0
1873,78.59419,14630000.0
1874,95.86416,10730000.0
1875,80.44386,25140000.0
1876,61.557022,12640000.0
1877,96.802055,8190000.0
1878,84.01725,418520000.0
1879,79.92925,11790000.0
1880,45.718628,6400000.0
1881,92.002625,33310000.0
1882,34.334366,70000000.0
1883,98.408936,15800000.0
1884,79.87108,29660000.0
1885,94.74659,90170000.0
1886,92.50896,26430000.0
1887,90.632835,9210000.0
1888,74.12394,59020000.0
1889,81.22189,12040000.0
1890,83.11638,11690000.0
1891,55.518158,15520000.0
1892,102.01513,4990000.0
1893,26.96394,47010000.0
1894,94.82092,28970000.0
1895,96.03884,26880000.0
1896,78.57257,297007000000.0
1897,84.00963,10730000.0
1898,62.642445,38450000.0
1899,92.95628,108400000.0
1900,97.60654,29420000.0
1901,91.165085,65040000.0
1902,93.26922,43500000.0
1903,71.58976,30620000.0
1904,84.499825,144580000.0
1905,93.19613,10760000.0
1906,38.571354,56900000.0
1907,100.86436,4480000.0
1908,53.374687,7228200.0
1909,52.984283,33010000.0
1910,74.13651,5730000.0
1911,89.06281,42640000.0
1912,102.84428,4533100.0
1913,70.50196,20650000.0
1914,104.067924,11538900.0
1915,96.93475,94620000.0
1916,67.89523,32300000.0
1917,84.04952,18060000.0
1918,90.606735,4810000.0
1919,94.76825,73600000.0
1920,104.30856,8020000.0
1921,93.77201,5652380.0
1922,69.42927,4197320.0
1923,67.1944,6710000.0
1924,101.60046,13820000.0
1925,103.478294,40521700.0
1926,54.64324,6956000000.0
1927,98.873314,26810000.0
1928,80.83155,18470000.0
1929,83.44824,33200000.0
1930,84.54981,7160000.0
1931,100.68467,8240000.0
1932,94.721504,11200000.0
1933,102.7658,16290000.0
1934,26.923264,861000000.0
1935,86.02756,197000000.0
1936,103.93711,76220000.0
1937,92.95507,14010000.0
1938,98.805504,6870000.0
1939,96.697426,14460000.0
1940,88.67365,10760000.0
1941,102.792564,8070000.0
1942,78.44593,97290000.0
1943,65.476006,30650000.0
1944,88.607834,21230000.0
1945,86.6531,10010000.0
1946,93.79561,12430000.0
1947,93.94602,9260000.0
1948,85.04535,6370000.0
1949,91.632256,6800000.0
1950,61.197704,299467.38
1951,68.716576,18290000.0
1952,70.36625,12490000.0
1953,98.43873,8940000.0
1954,101.75779,17480000.0
1955,84.62028,12000000.0
1956,57.763584,933000000.0
1957,44.433693,17890000.0
1958,89.00995,1820000.0
1959,67.74705,36367044.0
1960,98.96333,16184800.0
1961,81.29351,25761688.0
1962,97.87985,6080000.0
1963,75.89571,5260000.0
1964,104.50154,9098070.0
1965,91.131454,6060000.0
1966,86.77631,9050000.0
1967,71.6242,40040000.0
1968,64.21687,4610000.0
1969,98.90533,4420000.0
1970,73.741394,5520000.0
1971,81.733635,4960000.0
1972,29.87649,12650000.0
1973,59.324306,12200000.0
1974,97.38321,36660000.0
1975,72.36468,2215649800.0
1976,76.7353,46499640.0
1977,99.973015,26710000.0
1978,68.580505,6050000.0
1979,101.12332,2569520.0
1980,77.379776,3348220000.0
1981,104.95706,9098530.0
1982,80.85707,12461482000.0
1983,89.08769,44660000.0
1984,82.72629,52480000.0
1985,102.08229,37450000.0
1986,101.66985,14290000.0
1987,103.37635,65920000.0
1988,97.93667,86570000.0
1989,104.59886,45560000.0
1990,89.3909,14290000.0
1991,99.039314,28930000.0
1992,96.93796,35080000.0
1993,33.75032,17190000.0
1994,104.5554,22170000.0
1995,100.18195,14660000.0
1996,100.80785,10100000.0
1997,89.5546,9690000.0
1998,92.41021,23790000.0
1999,102.61956,15280000.0
2000,101.35006,9160000.0
2001,99.8917,18040000.0
2002,66.89109,9020000.0
2003,100.21996,24310000.0
2004,87.824585,573690000.0
2005,102.45076,96200000.0
2006,76.43691,59290000.0
2007,62.697243,8860000.0
2008,101.74694,81100000.0
2009,39.501083,30777000000.0
2010,96.51226,23520000.0
2011,104.60218,25910000.0
2012,85.89657,9120000.0
2013,71.95274,1419000000.0
2014,45.777653,6530000.0
2015,49.919525,59940000.0
2016,80.384445,5100000.0
2017,36.754723,6960000.0
2018,96.43989,282000000.0
2019,71.434265,16530000.0
2020,90.42689,3250000000.0
2021,101.87837,6210000.0
2022,67.2175,4740000.0
2023,33.637596,320260000.0
2024,81.24265,7380000.0
2025,101.674736,4400000.0
2026,82.0149,18990000.0
2027,104.32394,1838000000.0
2028,84.27826,700000.0
2029,88.77416,10240000.0
2030,85.36107,9650000.0
2031,99.565765,8200000.0
2032,-4.5714035,253680000.0
2033,87.74566,64130000.0
2034,71.566246,10630000.0
2035,71.67167,11900000.0
2036,93.961716,595000000.0
2037,66.12931,605850000.0
2038,97.487686,7000000.0
2039,65.13742,990700000.0
2040,87.014366,6980000.0
2041,66.441376,1168000000.0
2042,5.752152,16400000.0
2043,77.58193,12590000.0
2044,45.98796,817730000.0
2045,102.09931,5960000.0
2046,69.88497,6300000.0
2047,80.16925,10100000.0
2048,82.14484,8520000.0
2049,90.197914,10920000.0
2050,87.79357,12220000.0
2051,97.38558,5610000.0
2052,79.519905,6211791.0
2053,72.08743,10374332.0
2054,92.84931,20930000.0
2055,68.88897,16935000000.0
2056,83.023254,15750000.0
2057,68.99899,25724000000.0
2058,95.419815,12971000000.0
2059,77.22279,27775000000.0
2060,98.21297,5033000000.0
2061,85.23303,115166000000.0
2062,65.244415,103189000000.0
2063,59.619007,23730000.0
2064,65.672585,20893000000.0
2065,100.64935,8180000.0
2066,83.20047,3250000.0
2067,103.31659,67339690.0
2068,96.77462,32690000.0
2069,98.06284,14188058.0
2070,105.20542,895000000.0
2071,17.00758,11920000.0
2072,97.917435,7490000.0
2073,84.44047,39240000.0
2074,100.469376,6780881.0
2075,37.095016,26830000.0
2076,87.572105,2680000.0
2077,102.95967,14220000.0
2078,92.32633,600000.0
2079,87.6402,1290000.0
2080,103.46717,64840000.0
2081,59.281223,141660000.0
2082,28.363073,92920000.0
2083,35.048553,9330000.0
2084,88.25057,83040000.0
2085,100.9315,138600000.0
2086,90.21325,78660000.0
2087,103.80765,3240000.0
2088,104.70577,144000000.0
2089,100.40176,4840000.0
2090,94.50895,14620000.0
2091,101.28272,28710000.0
2092,77.320366,3070000.0
2093,66.26533,7430000.0
2094,86.81378,12200000.0
2095,69.23733,35450000.0
2096,75.09145,331330000.0
2097,6.4475455,5952390000.0
2098,56.22494,27880000.0
2099,96.0172,41010000.0
2100,93.441444,72960000.0
2101,71.796104,2352000000.0
2102,83.88882,32437000000.0
2103,66.821945,2733013.0
2104,72.12213,29010000.0
2105,22.840328,4590000.0
2106,88.68881,8580000.0
2107,91.162575,2210000.0
2108,90.618805,67860000.0
2109,66.82958,4970000.0
2110,55.032223,10680000.0
2111,97.263016,15780000.0
2112,103.28036,4880000.0
2113,88.37587,5100000.0
2114,72.911575,8456685.0
2115,62.260128,11260000.0
2116,104.41219,41250000.0
2117,98.91887,12640000.0
2118,62.025543,4440000.0
2119,88.38786,4940000.0
2120,70.39015,4080000.0
2121,71.52037,7520000.0
2122,103.1621,30330000.0
2123,70.0463,5930500000.0
2124,102.56268,65860000.0
2125,101.83049,4350000.0
2126,101.821014,174760000.0
2127,85.60359,17330000.0
2128,38.19802,100480000.0
2129,27.939423,38232052.0
2130,98.28599,26090000.0
2131,69.52085,7280000.0
2132,44.29983,5350000.0
2133,59.166527,61590000.0
2134,48.831245,9320000.0
2135,62.341084,3090000.0
2136,41.498837,10070000.0
2137,89.09572,11090000.0
2138,86.95741,7060000.0
2139,37.736656,14620000.0
2140,79.972946,10220000.0
2141,95.42495,34940000.0
2142,99.58547,11760000.0
2143,68.47108,183506000000.0
2144,73.43607,4770000.0
2145,97.057915,27710000.0
2146,53.632393,113840000.0
2147,71.94892,36700000.0
2148,78.80272,50749000.0
2149,93.81356,18100000.0
2150,101.72879,31616732.0
2151,39.32554,8000000.0
2152,37.878616,84130000.0
2153,92.25941,63500000.0
2154,83.32398,25160000.0
2155,64.471886,6310000.0
2156,100.292015,117930000.0
2157,105.30378,79080000.0
2158,97.31046,7070000.0
2159,71.58535,335000000.0
2160,71.41497,42880000.0
2161,50.875717,97500000.0
2162,80.56061,261850000.0
2163,90.78997,3190000.0
2164,92.23318,13844000000.0
2165,47.55789,12630000.0
2166,103.114685,31720000.0
2167,90.911835,9535970000.0
2168,96.29004,8280000.0
2169,81.146614,8580000.0
2170,63.99695,28970000.0
2171,82.5481,89400000.0
2172,90.28193,1016000000.0
2173,95.93497,1802000000.0
2174,86.27493,10630000.0
