id,pred_y,target_y
0,45.148537,44.1802
1,46.793957,44.783333
2,34.879852,44.91238
3,42.65531,44.525555
4,45.150658,46.22389
5,37.98719,33.83585
6,50.532063,46.02222
7,46.168396,45.9
8,33.22152,47.0
9,46.462116,45.65
10,47.595676,45.583332
11,45.0145,43.863335
12,28.171764,13.453055
13,24.232101,12.0
14,27.291458,10.0
15,42.10968,50.791668
16,43.37529,44.717693
17,43.986576,44.483334
18,50.537167,44.643
19,37.056976,45.429436
20,44.734844,44.733334
21,46.547653,44.916668
22,46.182415,44.92703
23,48.02864,45.801945
24,45.79898,45.964443
25,45.967037,47.833332
26,46.47656,45.733334
27,48.066242,45.943333
28,-14.2829275,-37.820557
29,45.19666,45.469444
30,34.135513,40.44
31,36.56377,40.7875
32,43.880856,42.916668
33,43.41967,45.533333
34,48.30032,45.583332
35,43.837383,45.810555
36,49.10333,45.89611
37,43.655437,48.56111
38,21.481293,-25.879105
39,45.3676,45.697777
40,46.813797,47.060688
41,45.096073,45.691387
42,48.840317,45.733334
43,47.628746,45.516666
44,44.068726,45.766666
45,33.887066,41.01
46,45.87767,45.781944
47,47.270973,45.684723
48,52.567738,53.633335
49,51.690304,53.616665
50,47.15801,45.650833
51,47.87188,45.9
52,38.83956,33.77
53,49.04804,44.095276
54,48.771847,45.726387
55,46.980743,45.9
56,44.339397,44.666668
57,41.384743,50.143612
58,7.5992827,15.5
59,18.754345,-18.938612
60,45.282566,44.9
61,39.862263,36.802776
62,44.689613,45.35
63,43.638813,45.433334
64,49.329033,53.857777
65,31.778004,34.021946
66,44.152077,49.0
67,46.61766,48.6
68,14.487634,-1.4558333
69,50.84116,47.0
70,46.64099,45.25
71,47.202873,53.0
72,45.962883,45.066666
73,45.936855,45.466667
74,48.158154,43.87639
75,3.444834,13.0
76,48.812923,45.15
77,41.654858,43.9
78,48.749813,41.17472
79,58.367153,57.671707
80,42.6762,44.055557
81,43.240795,-27.10389
82,17.532743,18.18
83,43.08375,44.933334
84,41.180584,45.016666
85,46.221027,44.866665
86,39.56251,44.95
87,43.392807,45.1
88,41.124825,44.933334
89,41.9685,44.8
90,45.565685,43.707222
91,33.676086,33.756943
92,49.896404,50.892254
93,47.66095,43.5
94,39.184795,41.65198
95,23.927696,9.0822
96,44.420597,39.466667
97,48.218513,45.30697
98,45.993546,45.4
99,45.232525,45.683334
100,47.223873,45.25
101,44.321247,45.666668
102,42.93108,45.05
103,48.526684,45.989445
104,45.91261,49.487778
105,45.467678,45.34889
106,52.13565,49.48111
107,46.743694,45.455
108,43.09418,37.796665
109,21.698433,35.605
110,38.206596,34.16833
111,20.181927,14.05
112,44.32064,45.583332
113,40.210335,43.780556
114,37.115498,48.371666
115,47.39072,48.42
116,56.098602,52.40361
117,45.955765,49.444443
118,41.3142,51.509167
119,20.418293,36.8
120,51.96985,49.92
121,33.176712,35.883335
122,45.93899,46.666668
123,41.222584,45.583332
124,50.44481,50.11
125,40.542877,43.0
126,46.93361,49.3
127,47.15531,45.2324
128,52.033096,45.86639
129,11.30687,-11.3702
130,48.326664,52.55
131,47.518356,48.56
132,47.28027,49.0
133,48.977814,48.7
134,48.943836,48.805
135,52.105682,48.83
136,37.407764,44.487625
137,38.268997,40.712093
138,40.79827,51.50528
139,35.905823,34.91639
140,42.116062,50.083332
141,50.465965,48.13333
142,53.980198,49.176945
143,17.679352,15.0
144,23.834164,23.74
145,47.21321,45.483334
146,47.705864,45.483334
147,42.206024,45.366665
148,25.024971,-3.7275
149,18.542557,9.013333
150,41.092297,40.65
151,45.461807,45.7393
152,41.647552,45.633335
153,49.181522,45.4
154,55.024216,48.08
155,23.750645,33.833332
156,45.340206,42.450264
157,37.12112,40.822224
158,37.227,43.05472
159,32.552654,43.062084
160,32.71676,52.516666
161,36.49559,39.701443
162,37.00375,39.453056
163,41.43867,38.76472
164,28.865604,6.7
165,14.628716,8.833333
166,9.274223,-22.2
167,32.729702,33.919147
168,38.2532,37.91203
169,36.15396,42.558334
170,47.81956,34.783333
171,8.798283,-3.7166667
172,14.377799,-3.6666667
173,4.752725,1.4666667
174,26.830467,52.0
175,39.10979,32.37472
176,6.578508,-9.466666
177,37.582394,42.8842
178,48.0155,47.8875
179,49.150703,48.31361
180,38.59871,39.05789
181,35.68447,28.133333
182,22.432987,33.0
183,40.06568,42.380596
184,44.57875,47.375557
185,48.86234,47.3715
186,39.99325,47.528816
187,41.688774,47.99917
188,41.670193,45.95835
189,45.735413,61.969944
190,48.54112,48.273613
191,49.16151,48.328335
192,26.274776,50.73389
193,47.120106,48.04361
194,48.64377,48.048054
195,42.50708,40.31743
196,56.78981,59.216667
197,40.83435,43.61092
198,40.190056,43.770638
199,47.330105,57.5
200,33.740604,32.881
201,-8.82787,-35.450554
202,-1.407629,-70.0
203,41.85461,47.920555
204,4.9638314,-38.716667
205,47.431255,51.567
206,44.315197,42.621387
207,45.298584,42.566666
208,50.234783,42.516666
209,56.04198,52.150276
210,49.128994,53.25
211,36.803867,38.27
212,36.094532,39.43
213,39.470802,34.26778
214,38.86793,38.3
215,43.028725,44.50611
216,44.493755,45.73861
217,45.29153,40.683334
218,-9.053478,-37.864
219,45.379314,42.66234
220,12.741234,15.077778
221,39.914013,39.47
222,52.249157,50.107777
223,31.752491,33.45
224,33.841476,47.6382
225,43.387997,47.166668
226,39.674202,37.19
227,45.321163,43.20028
228,42.844406,32.603374
229,57.96396,59.665
230,57.64007,62.574165
231,45.278133,41.11868
232,53.234715,48.783333
233,35.218792,35.41
234,41.171368,47.0
235,31.732815,52.16298
236,40.449814,52.0
237,41.34855,61.1886
238,38.642727,41.51
239,37.794193,38.55389
240,38.439278,41.737778
241,47.56039,43.45
242,32.40548,40.14
243,41.376934,42.363632
244,34.71767,28.94
245,47.78852,58.65
246,35.05032,39.33
247,37.94928,42.33
248,39.889454,42.0
249,52.12107,48.761944
250,42.133625,37.36
251,34.928753,31.554445
252,55.32366,62.396667
253,42.56597,44.92139
254,46.441555,44.633335
255,45.34323,46.333332
256,37.383244,32.02028
257,49.42869,49.22
258,42.54089,49.176388
259,51.66958,45.75
260,50.32659,51.0
261,46.47132,45.65
262,45.1347,46.259445
263,21.238499,49.45
264,41.592865,46.93
265,36.199753,29.73
266,42.71498,43.8559
267,37.001686,32.59
268,54.777225,62.1849
269,46.158764,43.9393
270,43.164394,45.572224
271,41.61222,43.5
272,35.359238,33.955463
273,47.269825,45.81025
274,46.06378,45.71289
275,44.844566,45.3193
276,34.457676,33.524754
277,49.99672,48.260277
278,47.320873,58.01389
279,43.722134,41.116943
280,50.72268,54.5
281,36.1979,33.52833
282,6.803603,-11.055555
283,42.13617,42.35476
284,42.23,40.09
285,55.451523,51.383335
286,10.2672,1.009
287,34.846436,38.97
288,27.422516,39.962223
289,54.956753,61.875
290,26.716274,20.756111
291,36.402798,35.17411
292,59.966045,70.916664
293,50.76375,59.233334
294,57.92994,59.536945
295,41.87307,42.037224
296,43.150234,48.48
297,37.91469,48.42
298,42.12675,35.8275
299,36.377724,34.55319
300,34.22958,35.535557
301,30.477802,35.368057
302,40.40918,40.226112
303,36.06841,40.21583
304,39.58487,37.921555
305,40.385307,35.990276
306,50.90965,47.74861
307,38.99126,43.640835
308,38.47927,38.2611
309,37.72431,42.75
310,37.144924,42.63
311,42.329483,43.24
312,42.583874,43.3
313,40.163673,41.76
314,39.99509,39.86
315,43.10191,44.765556
316,48.356926,45.611958
317,36.925377,35.076668
318,48.206875,44.64582
319,52.85762,48.166668
320,47.121346,47.666668
321,45.749813,41.616665
322,44.00586,48.71361
323,25.732872,25.37
324,37.323452,41.683334
325,26.388218,24.75
326,44.146473,41.343056
327,42.599293,42.488888
328,18.590286,16.256945
329,43.676743,48.3822
330,42.23884,34.690277
331,38.289436,41.666668
332,35.45199,34.80727
333,35.63275,39.566666
334,45.2541,41.616665
335,35.83295,31.549723
336,45.357426,41.633335
337,42.266094,41.863888
338,44.072937,42.425
339,18.38567,17.0
340,35.80151,37.058964
341,49.639545,49.65402
342,36.435635,34.580994
343,46.926594,42.002777
344,43.45939,46.54
345,49.804245,48.583057
346,12.946561,-32.65333
347,43.743202,46.983334
348,-7.1525183,-2.0833333
349,59.24764,58.775555
350,23.566452,25.57
351,54.58322,54.166668
352,35.601856,32.6
353,51.328056,47.27
354,50.90453,51.166668
355,47.536198,48.974724
356,39.627747,36.18139
357,37.534588,40.42
358,28.870071,39.15
359,44.56772,39.31778
360,29.635788,26.176111
361,27.150574,35.0
362,36.29387,35.330276
363,51.42493,52.361946
364,42.814423,47.427223
365,40.737648,48.861946
366,38.31079,30.05611
367,46.17243,46.3094
368,46.711372,48.39
369,40.37041,46.400246
370,46.09932,43.312527
371,42.86322,41.321667
372,37.64186,40.118057
373,40.968357,41.3972
374,33.22273,41.083332
375,42.727287,40.87508
376,22.66756,19.3
377,36.549522,33.59028
378,41.946266,40.269722
379,46.024975,55.928055
380,48.325863,43.60049
381,44.270084,42.666668
382,32.15262,40.67
383,46.58602,43.42747
384,46.10826,43.713055
385,48.61219,43.52602
386,30.615284,13.0
387,43.433563,43.604443
388,45.59151,41.616943
389,37.27842,42.46428
390,43.504192,48.890556
391,50.26982,47.5
392,41.998177,44.4111
393,9.832846,28.0
394,41.002483,45.75
395,47.06047,47.916668
396,47.51057,49.0
397,19.965038,11.55
398,15.760233,11.68
399,57.83635,59.383335
400,61.091946,59.223057
401,43.50862,50.631943
402,51.691814,49.18639
403,42.326675,45.7
404,43.47477,43.25
405,40.16842,43.300835
406,52.211967,48.666668
407,40.76852,41.662224
408,47.60656,44.809444
409,32.891083,45.728333
410,42.80505,41.739166
411,9.795534,-33.781666
412,45.194603,48.333332
413,29.045246,47.931667
414,37.78613,37.83139
415,28.393219,36.0
416,49.13062,48.77778
417,48.19509,48.087776
418,37.49642,40.66
419,47.972473,47.890835
420,47.610195,44.91333
421,27.623878,21.880833
422,46.02603,41.283333
423,45.643814,41.35
424,46.388733,41.23528
425,43.26615,45.08
426,48.93522,59.183334
427,35.185127,32.31
428,61.95397,69.15645
429,41.40452,34.924683
430,28.944427,30.21
431,36.294037,40.706833
432,38.564396,36.0125
433,42.87327,36.009724
434,34.90947,37.80217
435,43.62452,41.7
436,38.90509,42.166668
437,32.237423,31.48
438,25.377254,34.690815
439,42.460785,34.96571
440,41.857544,52.0833
441,48.45363,44.2225
442,46.07321,44.133335
443,30.188549,35.00436
444,42.810406,42.351112
445,45.05059,43.16042
446,48.33906,46.668888
447,23.43663,20.566668
448,34.575115,38.893055
449,47.69259,44.96389
450,19.57727,-30.0
451,41.381126,46.85
452,48.371387,47.36667
453,35.744698,37.91611
454,29.933907,35.616665
455,42.463852,46.333332
456,40.61847,45.033333
457,33.699883,43.480556
458,44.005753,46.166668
459,22.06699,23.079721
460,44.56175,45.35
461,4.874838,3.5580556
462,48.714405,44.935
463,42.496468,52.216667
464,39.501793,32.733612
465,45.27248,44.835297
466,45.76249,49.835556
467,40.183357,43.85
468,32.825573,32.84069
469,39.45028,33.57
470,35.921085,35.5
471,36.619892,34.1
472,43.25733,43.703335
473,30.749489,33.501667
474,47.6345,43.491665
475,47.06888,45.649445
476,33.057396,41.7
477,46.604504,41.466667
478,50.594757,47.62361
479,39.83449,38.426388
480,33.92439,38.38139
481,46.270187,41.918182
482,35.515076,34.586666
483,43.70767,41.073055
484,29.70259,35.25639
485,41.398518,47.925278
486,31.808212,6.45
487,48.253807,44.80147
488,31.59254,43.03764
489,43.91211,45.786945
490,44.408707,44.291943
491,-1.9507017,3.0
492,47.243717,44.795
493,41.981552,48.42215
494,40.82173,45.504166
495,22.18752,10.716666
496,55.89039,65.01417
497,35.63174,38.183334
498,30.851727,37.083332
499,36.082233,35.9875
500,43.896805,40.083332
501,36.16541,37.316666
502,33.828743,35.72759
503,15.796111,38.111893
504,38.673504,50.288055
505,33.08337,56.835556
506,35.43193,34.04806
507,19.782227,13.133333
508,18.022457,13.833333
509,50.027966,47.82861
510,35.554058,40.345276
511,20.332733,7.35
512,27.017834,18.166666
513,28.934155,18.2
514,45.399773,47.2667
515,2.6277778,13.481
516,46.11037,47.28417
517,39.469036,37.6725
518,37.588516,38.9161
519,15.122464,15.5
520,60.58876,66.92
521,38.0535,40.7966
522,48.93348,44.97
523,56.469658,58.4165
524,-3.7874699,-8.053889
525,43.01007,38.1725
526,49.246513,60.733334
527,40.022373,52.08472
528,47.30849,44.859165
529,45.849476,43.8475
530,33.097977,41.925556
531,62.18244,68.888336
532,32.286907,32.896946
533,53.987827,68.07917
534,41.043392,41.55
535,40.534115,40.04
536,29.765549,35.7649
537,46.220676,47.90167
538,-13.148725,-37.8
539,44.835335,47.24139
540,41.91064,44.368057
541,41.54244,57.615276
542,50.19451,47.38278
543,-9.928981,-42.8097
544,38.30358,-42.8431
545,41.110023,46.916668
546,45.42968,47.49222
547,41.947872,48.833332
548,25.117855,20.478333
549,43.370136,34.189445
550,13.655217,-20.2141
551,32.167427,30.46
552,47.790714,46.8625
553,45.547337,39.697224
554,29.70506,26.5
555,43.08872,47.1
556,39.53594,50.502777
557,37.088272,33.866665
558,36.92343,33.7258
559,34.952885,39.083332
560,42.65392,41.735832
561,36.967785,38.25
562,37.27832,37.933334
563,50.632763,48.6369
564,40.478313,41.329445
565,42.69049,41.666668
566,52.068806,52.5361
567,-0.75843525,-10.183333
568,53.56112,53.6
569,49.34576,51.25
570,48.041397,48.8
571,51.756668,48.69278
572,45.082417,51.945835
573,45.042847,46.784657
574,17.13431,26.847
575,35.015778,23.733334
576,30.148438,43.651943
577,42.104362,45.566387
578,39.503094,42.36667
579,4.559571,-9.166667
580,59.54262,59.801388
581,-0.59841156,-8.733334
582,46.360233,47.2267
583,39.920982,44.523037
584,62.574543,69.304726
585,65.26919,68.975
586,34.700626,-32.95
587,39.715237,42.73
588,40.717903,39.132
589,36.84465,33.86639
590,40.397633,45.033333
591,41.313515,41.288334
592,37.76807,41.37636
593,53.02692,54.616665
594,48.44862,51.43222
595,40.730778,39.106667
596,36.670517,52.05
597,33.623974,39.966667
598,38.26722,34.51
599,44.098827,47.509724
600,31.793491,12.4208
601,36.72611,37.4898
602,23.150173,-26.918888
603,47.688637,47.24361
604,42.36913,39.748333
605,40.942577,40.66
606,38.51119,44.4
607,36.36694,41.583332
608,34.81578,30.21
609,34.95174,31.55
610,28.003117,29.95
611,48.523674,49.516666
612,29.46946,31.2
613,51.3314,50.9068
614,37.025024,38.88028
615,38.77749,51.34
616,44.94979,44.9333
617,39.171265,45.05
618,40.710533,45.0439
619,48.283848,58.516666
620,47.301804,42.816666
621,33.90338,35.713333
622,52.61172,52.5
623,31.173717,31.896944
624,41.211674,42.804165
625,36.58334,29.716944
626,59.1191,60.3925
627,43.951977,51.42389
628,56.82751,52.566666
629,59.670757,59.34861
630,38.307873,51.507694
631,52.846504,49.974724
632,46.001884,47.083755
633,50.316067,46.983955
634,42.836056,42.383057
635,45.266663,49.610554
636,46.82022,43.93028
637,35.564785,33.03929
638,42.674664,48.470833
639,46.085667,43.809166
640,42.161144,42.3325
641,50.55817,52.366665
642,52.17251,52.27889
643,50.241035,52.388332
644,46.92717,44.11361
645,37.116455,42.44851
646,33.709213,33.47
647,38.414806,42.102222
648,35.431545,32.77139
649,49.681133,51.766666
650,45.975193,43.84639
651,43.893196,44.49389
652,39.00599,37.76389
653,45.50645,38.91
654,40.20442,45.583332
655,4.651502,-14.0
656,42.16877,45.283333
657,34.602448,38.115555
658,33.362507,26.124353
659,15.333294,4.0
660,45.18387,40.63861
661,46.795456,40.633335
662,34.92738,53.302776
663,34.42158,43.333332
664,43.979874,45.45
665,40.525673,41.13
666,22.590176,30.12
667,46.975136,40.92503
668,42.76509,43.85
669,57.76177,62.033333
670,-14.073852,-33.966667
671,36.994854,35.516666
672,49.440346,55.666668
673,51.809082,53.67
674,49.489815,51.216667
675,39.55471,38.32
676,32.16574,47.685833
677,48.14496,48.4161
678,33.832973,33.9225
679,55.833065,51.116665
680,45.07206,43.853054
681,45.142147,48.33389
682,38.940968,34.087776
683,36.765007,39.9236
684,46.9235,49.9864
685,39.254967,32.792
686,39.012966,44.282562
687,46.206047,50.25
688,51.656246,51.266666
689,32.466488,35.78
690,53.260185,49.114445
691,52.16157,49.052223
692,46.061516,34.052776
693,31.666557,33.47
694,45.74097,51.05
695,40.396408,38.854
696,49.4397,46.9074
697,49.224133,52.421112
698,9.824629,10.633333
699,39.983917,43.27611
700,50.232254,49.211388
701,38.566696,45.704166
702,38.033115,38.375668
703,48.847416,43.959167
704,44.070744,44.6925
705,50.473343,48.20028
706,46.106323,44.769722
707,42.948414,49.775833
708,45.053585,44.66111
709,43.56031,44.240833
710,43.9274,44.837223
711,42.222126,45.070835
712,43.63633,43.63889
713,44.43152,49.835278
714,45.520927,44.716667
715,43.60723,44.85
716,47.62037,44.843613
717,37.216274,52.1775
718,45.141773,45.02139
719,44.6391,44.99472
720,45.607643,44.900276
721,35.221867,41.35
722,46.06779,44.78389
723,43.694862,44.781387
724,47.08677,44.797222
725,46.044975,44.519722
726,45.94935,44.76645
727,43.33756,43.343334
728,42.07105,45.06111
729,19.357956,24.65
730,44.804424,49.430832
731,40.68862,42.23917
732,41.9969,41.15278
733,49.39097,45.916668
734,45.596874,42.19698
735,45.684803,42.692223
736,45.88636,47.5775
737,44.645615,47.622223
738,47.2409,49.63889
739,43.801315,43.32139
740,29.602703,43.344444
741,38.993267,35.39
742,45.65874,44.751667
743,45.84397,44.94361
744,47.046387,44.752224
745,46.735016,45.09778
746,44.810234,45.01335
747,48.702938,44.89389
748,45.14055,44.84535
749,45.449455,44.738056
750,38.91358,41.658978
751,43.97792,44.82722
752,47.5446,44.927223
753,45.63692,44.808887
754,44.956898,44.945835
755,48.655006,44.7725
756,45.805557,44.816944
757,32.24127,9.583333
758,51.07924,56.968
759,44.937004,44.586666
760,40.349197,45.03389
761,44.51282,38.2
762,44.069313,44.858612
763,46.74662,44.953056
764,45.251244,44.797222
765,47.834454,47.74861
766,42.731167,39.62473
767,43.51828,38.35
768,37.498272,43.9228
769,33.336754,42.414444
770,46.153065,43.774723
771,44.74876,45.633335
772,41.36362,45.631668
773,24.271992,35.55
774,50.90404,47.321667
775,43.438263,44.0925
776,47.99459,45.566666
777,48.911205,45.58999
778,41.006428,44.91
779,45.788216,43.68
780,43.178577,45.63119
781,45.02221,45.6
782,47.27145,45.50824
783,44.671585,56.79
784,41.714264,44.583332
785,48.80703,46.47
786,44.978912,48.24
787,48.146343,46.38
788,53.693253,55.733334
789,40.299168,42.58361
790,2.4293385,1.4555556
791,40.540234,38.7
792,43.95283,43.184723
793,51.063885,52.283333
794,42.19364,49.921665
795,47.349987,48.086666
796,45.35927,41.621387
797,41.429424,32.065277
798,29.32291,41.463226
799,43.540752,51.604443
800,39.572254,45.67222
801,43.477036,45.616665
802,40.65962,44.30424
803,45.10476,44.72
804,7.384712,-37.733334
805,34.294014,25.9
806,43.828804,42.872223
807,48.99034,50.83
808,32.1592,33.07
809,40.64337,14.040833
810,25.604797,44.282223
811,44.324375,43.667774
812,45.486286,43.780132
813,23.070251,3.99886
814,34.76813,33.434166
815,44.67061,44.700554
816,47.11072,48.6275
817,27.7114,34.157326
818,45.669186,44.455555
819,28.085846,47.56686
820,35.40152,33.2275
821,17.6137,38.655834
822,44.96263,47.982777
823,47.037872,47.2148
824,38.774536,34.764263
825,47.349617,45.883335
826,42.845856,49.656944
827,49.570644,57.0
828,43.320587,45.433887
829,46.245026,43.383335
830,36.921413,39.039722
831,47.05828,44.9582
832,48.56082,51.5258
833,54.96846,59.866665
834,47.353317,48.03583
835,48.408836,46.996944
836,46.70848,46.684166
837,41.82457,43.384445
838,48.52368,37.0878
839,46.561764,45.590557
840,22.472076,13.698889
841,47.364346,52.033333
842,39.584435,34.23
843,44.282764,44.45
844,44.92812,44.8
845,45.102287,44.27761
846,43.03844,34.883846
847,45.74618,44.575
848,44.82168,44.583332
849,48.16951,33.833332
850,28.104942,39.683334
851,31.195446,35.333332
852,23.145958,35.25
853,55.989475,55.483334
854,22.833755,22.021667
855,45.83186,45.8404
856,42.7919,44.733334
857,44.491543,44.566666
858,45.61329,48.455555
859,42.60734,42.816666
860,32.083797,27.8925
861,44.69358,43.41639
862,43.976055,43.356388
863,41.077244,44.683334
864,49.21016,44.683334
865,46.340836,43.616665
866,47.370438,44.733334
867,36.457214,47.960556
868,45.96501,44.65
869,48.379154,44.266666
870,43.64417,44.316666
871,36.923347,34.158707
872,44.774452,44.583332
873,53.366085,58.32722
874,46.64788,44.533333
875,47.31957,43.3
876,48.293243,45.666668
877,56.561768,57.84861
878,34.635082,34.71989
879,45.95724,44.36364
880,46.331524,43.025555
881,38.419624,37.557
882,41.782406,43.73724
883,43.012505,43.67405
884,42.936874,43.7517
885,46.393646,47.775276
886,47.911682,45.7
887,43.225082,43.56425
888,40.498367,43.73574
889,55.664803,56.04241
890,45.081436,43.716335
891,41.84489,43.460278
892,38.217743,34.178055
893,39.240482,39.915
894,50.78058,53.4892
895,40.68106,42.583332
896,50.995296,48.871113
897,40.063602,35.666668
898,38.46883,41.99682
899,53.805084,60.143612
900,-2.3527331,-5.45
901,43.483303,42.408333
902,44.910694,37.607777
903,47.59798,46.387222
904,50.28841,48.83972
905,40.840744,43.9075
906,45.354103,44.648056
907,55.71205,60.236668
908,54.664803,59.98709
909,48.43413,42.439445
910,49.146866,37.70139
911,39.533104,38.3
912,44.169495,43.816666
913,49.08891,44.075
914,40.809273,41.02
915,32.94222,34.93
916,36.690205,34.71
917,36.355774,36.08
918,37.181255,35.91
919,34.049385,35.26
920,34.17679,35.29
921,52.95163,79.48333
922,38.014988,36.747208
923,41.592484,38.21
924,40.26279,44.33697
925,32.480618,33.29
926,48.35527,44.183334
927,47.165432,47.4675
928,44.424984,45.694443
929,44.153824,43.84152
930,47.31572,44.416668
931,46.95006,45.8906
932,45.225754,46.083332
933,44.852184,48.250507
934,33.095562,45.38111
935,47.1961,44.316387
936,45.494606,44.291943
937,43.013374,49.36
938,47.804134,49.359444
939,49.02628,48.916943
940,50.860516,48.928055
941,51.53664,48.956665
942,48.609512,48.960556
943,48.93137,48.97778
944,48.717007,48.986946
945,47.073044,49.0425
946,52.365112,49.2725
947,47.530914,48.795277
948,48.30287,46.03528
949,41.6568,45.816666
950,15.231728,20.15
951,47.9148,45.45
952,35.47038,42.3333
953,49.941956,59.766666
954,42.39451,43.993057
955,43.296345,44.116665
956,49.59274,49.285557
957,51.30228,49.30528
958,44.034786,45.65
959,48.03598,47.15
960,45.23269,42.42543
961,46.90081,42.45
962,45.515312,42.233334
963,43.02927,42.249
964,46.406624,42.333332
965,42.737713,42.283333
966,45.21801,42.216667
967,45.39747,42.516666
968,43.952267,42.316666
969,50.086494,45.5
970,42.990307,45.5
971,47.556892,45.783333
972,48.891315,45.366665
973,42.441776,45.65
974,50.342655,45.466667
975,43.371334,45.74111
976,45.03987,45.633335
977,48.759186,45.483334
978,41.87844,39.953884
979,57.64019,48.259445
980,48.01606,48.51
981,18.101095,-17.829166
982,44.119167,43.135555
983,27.963867,22.16197
984,49.197063,41.216667
985,41.387825,33.69278
986,42.121346,45.955276
987,41.940132,45.984722
988,42.313858,46.066666
989,39.329933,43.184284
990,34.776688,32.47278
991,50.531067,62.471237
992,37.079445,40.7472
993,43.842663,46.01
994,38.32144,41.89
995,43.23476,43.29
996,47.561295,45.455833
997,53.13624,54.083332
998,33.355427,45.966667
999,47.833805,49.091667
1000,44.44039,45.95
1001,45.270256,46.133335
1002,45.56607,46.122223
1003,45.950264,46.13278
1004,41.935135,43.405277
1005,48.79728,53.116665
1006,46.89483,41.885
1007,43.011784,43.979443
1008,37.380875,35.095554
1009,36.234867,37.850277
1010,39.12232,42.04046
1011,38.69222,38.15
1012,46.046535,42.133335
1013,49.233025,41.974724
1014,43.08129,41.8
1015,44.55832,41.961666
1016,38.239914,41.70222
1017,44.372986,41.65
1018,44.96252,42.205555
1019,44.569305,42.05
1020,47.583904,42.23018
1021,45.19848,41.833332
1022,46.134693,42.066666
1023,46.059216,42.05
1024,41.333874,41.933334
1025,37.25346,46.4
1026,49.262184,46.166668
1027,49.033585,45.8
1028,46.550827,45.8
1029,44.7647,45.766666
1030,44.83341,45.738335
1031,46.41486,45.697224
1032,42.655403,45.866665
1033,49.659187,45.833332
1034,47.68961,46.9
1035,42.451862,38.65333
1036,41.095844,38.960785
1037,46.111866,45.366665
1038,37.199833,45.5
1039,47.344673,43.818596
1040,46.544174,55.700207
1041,38.81502,36.13
1042,35.399155,36.38
1043,34.45907,40.56167
1044,41.31099,41.62
1045,41.003044,45.5
1046,44.06381,45.366665
1047,41.31663,45.233334
1048,40.937572,45.266666
1049,51.09203,48.9
1050,43.139572,45.81383
1051,45.34423,45.19528
1052,39.179173,44.710556
1053,50.26872,48.45
1054,46.903503,48.8109
1055,49.734364,48.88
1056,38.39935,38.028057
1057,48.764088,45.933334
1058,44.07689,49.505833
1059,42.60642,46.266666
1060,49.74857,49.12
1061,46.120365,46.233334
1062,45.978973,38.08706
1063,44.20557,40.615276
1064,46.85782,48.5
1065,36.827778,46.29151
1066,44.233196,38.26
1067,43.337337,45.629757
1068,55.594,55.470833
1069,51.598873,51.57
1070,48.831516,49.140427
1071,42.94126,45.85
1072,43.782806,46.32181
1073,53.920647,63.316666
1074,42.4506,44.508354
1075,44.625614,44.571045
1076,41.238434,44.64614
1077,43.810482,40.0
1078,40.578514,44.466934
1079,46.499348,48.1765
1080,31.786598,32.44
1081,43.505142,44.42213
1082,46.348816,44.38369
1083,36.85249,35.94
1084,41.57308,44.443527
1085,43.62418,51.947224
1086,42.209187,43.982815
1087,44.68098,43.879063
1088,48.147816,45.525555
1089,45.667896,46.166668
1090,41.403217,35.69389
1091,44.190414,44.243057
1092,43.083527,44.146286
1093,46.798916,44.179012
1094,42.679092,44.099285
1095,43.744225,44.378128
1096,34.436928,39.317
1097,45.107834,44.19209
1098,13.785287,34.9
1099,45.675556,44.205692
1100,54.652287,59.05
1101,42.6703,44.35663
1102,43.9526,58.410557
1103,50.055344,49.10889
1104,49.57399,49.087223
1105,15.933077,24.616667
1106,3.9431207,3.2
1107,46.403465,44.004723
1108,47.521336,56.133335
1109,32.589134,26.216667
1110,49.214252,47.690556
1111,40.46221,43.95
1112,50.612095,40.559666
1113,51.875404,48.85472
1114,37.503567,12.52
1115,41.22493,41.75
1116,42.140717,41.783333
1117,48.331413,41.516666
1118,42.822304,41.916668
1119,47.705715,41.6
1120,45.472828,41.616665
1121,39.19359,41.9
1122,47.32706,59.75
1123,51.4535,41.483334
1124,13.086917,-15.795
1125,9.026254,-15.934444
1126,37.71085,41.02
1127,44.260735,41.566666
1128,49.396755,47.6931
1129,52.652885,51.482777
1130,44.208244,41.7
1131,48.77605,48.588055
1132,44.922348,41.566666
1133,45.75523,41.5
1134,42.081326,41.791943
1135,48.405228,51.5153
1136,45.075245,40.766666
1137,34.68226,57.24472
1138,46.121,46.12
1139,35.63233,38.51
1140,46.082832,46.93
1141,38.607605,39.22361
1142,39.18907,39.37448
1143,42.267525,39.70141
1144,39.75281,39.86963
1145,43.30645,39.516888
1146,41.018322,39.30256
1147,39.56519,39.28834
1148,40.340466,39.780277
1149,37.9244,39.380886
1150,48.38397,46.183334
1151,46.7324,39.11095
1152,47.04845,60.169445
1153,44.53659,42.391666
1154,44.20649,37.783333
1155,39.70564,34.11139
1156,50.997818,53.9
1157,33.855606,17.7207
1158,55.469906,53.556946
1159,41.71643,33.71
1160,52.18466,51.27833
1161,44.39828,45.72959
1162,52.779694,52.26
1163,45.726997,45.8
1164,42.815132,45.816666
1165,34.800484,26.71
1166,50.84059,51.20028
1167,43.725838,40.591274
1168,43.802467,40.470196
1169,44.20257,40.249443
1170,44.985302,40.03537
1171,45.360054,40.234165
1172,46.59195,46.3
1173,-6.478361,-37.946
1174,45.35496,38.988728
1175,48.60843,45.9281
1176,46.498215,46.430523
1177,34.57294,35.2
1178,40.712193,36.313137
1179,35.66182,35.9
1180,47.627197,49.4867
1181,59.080067,63.806667
1182,38.094517,41.1911
1183,24.745117,-17.533333
1184,47.08067,56.133335
1185,44.17793,38.434723
1186,54.70806,61.93611
1187,55.293297,62.30369
1188,40.733517,41.1928
1189,51.071674,50.3611
1190,52.717033,53.7436
1191,47.695793,42.29639
1192,53.021107,61.265278
1193,56.630188,53.25
1194,51.621487,51.9
1195,47.968353,47.61
1196,38.39984,35.854443
1197,45.758884,43.93722
1198,54.17511,54.11
1199,47.063843,46.116665
1200,45.02435,45.919445
1201,30.82248,33.677223
1202,44.85208,46.833332
1203,46.8262,46.416668
1204,46.644905,45.91718
1205,37.65566,36.316666
1206,47.470352,50.9967
1207,41.387833,44.795277
1208,34.274475,34.85
1209,16.017796,-2.7333333
1210,52.69015,59.2333
1211,50.0102,59.289
1212,38.311867,41.89
1213,36.682335,38.18
1214,36.79971,34.766666
1215,44.81096,39.89222
1216,45.43342,45.0
1217,43.291084,39.822445
1218,44.19337,40.92948
1219,45.19938,40.843895
1220,45.659683,41.050262
1221,49.666897,41.23916
1222,39.348316,37.6
1223,44.75778,44.95
1224,45.994442,45.2
1225,42.063362,45.6557
1226,47.508537,45.183334
1227,57.28356,60.76889
1228,45.361908,45.45
1229,49.1149,45.0
1230,45.863987,45.016666
1231,44.096493,44.98586
1232,38.74253,39.322224
1233,45.1942,45.25
1234,45.548668,45.566666
1235,42.259315,42.5
1236,40.442535,42.6
1237,47.454887,45.033333
1238,45.752182,45.183334
1239,46.729153,45.616665
1240,46.024185,45.766666
1241,36.638912,42.357346
1242,43.156223,45.683334
1243,45.20672,45.733334
1244,12.878647,-6.079167
1245,45.847786,45.683334
1246,47.287598,45.65
1247,44.08677,45.7
1248,42.91499,34.916668
1249,43.38455,43.73389
1250,38.011925,45.833332
1251,51.215725,51.616665
1252,39.937256,44.5
1253,41.41016,43.56
1254,42.919662,40.516666
1255,40.783813,44.95
1256,-4.3624077,1.0
1257,42.646503,41.116665
1258,45.92744,43.23322
1259,48.707924,42.33194
1260,23.436504,12.11
1261,35.56092,32.0
1262,41.415493,38.69
1263,45.231136,47.72333
1264,46.61749,47.670555
1265,42.882656,34.863056
1266,46.449493,44.807777
1267,41.96967,36.765835
1268,33.879704,41.8891
1269,49.817616,52.5902
1270,45.230522,50.87818
1271,49.774525,46.716667
1272,39.37881,40.96343
1273,38.870125,38.3
1274,35.656147,39.018612
1275,36.212208,39.8
1276,34.53323,39.4
1277,43.814644,46.6345
1278,35.67906,37.842777
1279,30.37033,36.981667
1280,48.014256,43.641388
1281,34.131145,31.21
1282,47.68153,45.566666
1283,37.913788,35.128334
1284,45.292084,40.12
1285,43.41901,39.681694
1286,43.1828,39.700054
1287,42.147823,35.338833
1288,44.849056,40.065277
1289,39.76947,46.592777
1290,42.880104,39.947617
1291,44.69248,39.8807
1292,45.053997,40.21513
1293,55.44908,54.07139
1294,40.983356,39.823566
1295,45.551483,40.11028
1296,34.86961,34.983334
1297,42.52822,37.46
1298,50.168545,46.83917
1299,48.520172,46.083332
1300,40.11018,40.846943
1301,35.957336,35.7424
1302,44.642963,40.451946
1303,46.077755,40.58487
1304,49.382935,45.85
1305,30.345093,45.666668
1306,49.04812,50.8081
1307,43.67029,45.666668
1308,37.50602,35.04089
1309,47.13145,45.7
1310,18.783579,-3.1291666
1311,47.459026,45.75
1312,47.360115,45.266666
1313,46.76214,48.704445
1314,35.661148,45.866665
1315,47.954216,46.05669
1316,39.815025,44.733334
1317,47.29523,45.833332
1318,48.283886,45.916668
1319,46.752464,46.0349
1320,46.629856,45.0
1321,49.863075,45.9613
1322,42.846092,45.116665
1323,43.950542,44.966667
1324,44.126957,45.2
1325,44.161312,38.9437
1326,45.25292,46.416668
1327,55.63483,60.77
1328,34.687145,27.15
1329,45.543278,45.133335
1330,44.489746,43.697777
1331,15.463372,9.75
1332,19.321644,9.616667
1333,18.094477,10.033334
1334,18.738462,9.6
1335,42.297245,45.11028
1336,46.09917,45.15
1337,19.263622,10.116667
1338,39.248917,45.633335
1339,45.42743,45.12489
1340,44.458393,45.67
1341,43.26086,45.983334
1342,42.606953,39.16083
1343,45.783253,46.567
1344,42.546394,45.765835
1345,42.931572,45.233334
1346,46.305565,46.166668
1347,40.69311,46.083332
1348,47.68294,46.46278
1349,61.087933,63.3067
1350,43.41392,44.933334
1351,49.99023,46.15
1352,47.271927,45.05
1353,46.84686,45.6
1354,35.15645,34.63
1355,50.76216,52.162224
1356,54.20136,47.89
1357,49.26407,47.865555
1358,33.402668,34.04
1359,54.456642,52.439445
1360,31.752079,33.5025
1361,46.872105,46.74623
1362,45.60312,45.316666
1363,44.192383,40.45
1364,48.516094,45.016666
1365,44.594627,45.183334
1366,47.83276,45.15
1367,45.718075,45.134445
1368,35.326073,45.19951
1369,47.423515,45.137222
1370,49.907295,45.366665
1371,43.559868,45.51389
1372,44.98526,45.333332
1373,50.96125,45.3
1374,46.09606,45.4
1375,45.005127,45.383335
1376,43.070244,45.55
1377,48.497925,45.466667
1378,46.02008,45.55
1379,47.01104,45.333332
1380,45.926556,45.57
1381,45.0623,45.066666
1382,37.37723,39.09
1383,45.481136,45.11957
1384,11.02561,-8.233334
1385,41.175438,46.0759
1386,41.037823,46.65542
1387,47.92841,46.55459
1388,46.21354,45.816666
1389,44.396843,45.583332
1390,48.26978,45.816666
1391,40.38462,45.716667
1392,46.033085,45.2
1393,44.838326,45.166668
1394,47.773067,45.4
1395,42.832993,45.533333
1396,46.95197,45.916668
1397,46.64591,45.5
1398,49.181007,45.25
1399,44.666428,45.2075
1400,43.11338,45.168335
1401,33.198097,34.406666
1402,41.811634,45.066666
1403,4.558485,-3.3666666
1404,48.297237,45.333332
1405,46.557262,45.8
1406,49.8946,45.4
1407,40.218853,37.480835
1408,36.445766,37.62417
1409,38.643314,38.19
1410,40.939255,43.833332
1411,52.816166,47.253475
1412,34.968666,37.81972
1413,42.482327,38.34
1414,43.086742,40.2
1415,26.472977,36.516666
1416,44.486835,48.116665
1417,43.79756,51.8667
1418,40.948254,39.44
1419,46.557404,44.780834
1420,56.65326,59.913334
1421,50.376,52.033333
1422,63.55361,63.43667
1423,38.908916,48.195
1424,46.331005,50.033333
1425,38.118946,34.289444
1426,42.240192,45.45
1427,31.154705,17.739721
1428,39.830124,45.6
1429,43.757694,43.219166
1430,33.854298,39.625557
1431,33.718796,40.753334
1432,31.62621,45.484722
1433,51.209774,52.165833
1434,42.861607,47.439445
1435,21.9346,16.9
1436,48.248623,45.790554
1437,42.924118,50.283333
1438,38.191856,58.7
1439,37.995274,54.533333
1440,37.981583,38.0786
1441,40.223473,45.733334
1442,44.44139,44.884445
1443,46.964848,45.86667
1444,42.24419,41.17472
1445,46.82045,45.37954
1446,38.14312,35.3282
1447,50.08747,48.931667
1448,43.08702,45.65
1449,42.988907,45.7
1450,41.22258,38.730278
1451,45.073017,34.942924
1452,44.71273,45.823612
1453,47.629364,45.383335
1454,46.48111,45.323055
1455,35.0815,40.78361
1456,36.62555,34.428806
1457,45.371025,53.55951
1458,21.999908,34.807304
1459,44.32358,34.709167
1460,45.004772,45.4
1461,42.861465,45.41
1462,46.873802,45.683334
1463,44.149723,45.38525
1464,44.952553,45.916668
1465,36.82368,34.71799
1466,45.375942,46.60949
1467,43.951035,46.049446
1468,45.803616,45.783333
1469,47.97081,46.8801
1470,50.434742,48.225
1471,47.8727,45.9
1472,46.48824,45.683334
1473,48.162933,45.216667
1474,41.31643,34.99862
1475,39.501408,46.12999
1476,42.311058,46.1125
1477,45.94897,37.6
1478,45.503815,37.583332
1479,45.48474,37.283333
1480,40.376442,37.333332
1481,41.73303,37.616665
1482,39.116993,37.333332
1483,42.232723,37.466667
1484,41.130276,45.18936
1485,40.827488,34.71571
1486,46.637707,45.54009
1487,44.336388,37.966667
1488,40.05177,45.616665
1489,43.531292,48.45
1490,37.504364,41.144165
1491,43.53445,37.21361
1492,38.32043,36.416668
1493,38.812843,34.906803
1494,49.485607,60.25
1495,32.976772,31.89
1496,64.62944,70.945274
1497,56.82087,59.373055
1498,58.366837,60.69639
1499,44.136772,41.514168
1500,47.670948,42.46472
1501,35.465103,33.94
1502,43.783623,46.01
1503,38.860268,39.66
1504,38.261913,38.948334
1505,56.981663,62.38962
1506,41.95955,46.14
1507,41.718502,40.13
1508,40.35032,40.56
1509,43.40603,43.355556
1510,58.542328,69.44444
1511,37.341236,38.14
1512,35.324623,41.95
1513,30.90522,32.74
1514,43.6091,47.33
1515,37.490665,40.03
1516,35.933678,31.15889
1517,36.10721,33.74
1518,53.43363,70.13
1519,58.714638,60.37
1520,60.185097,61.060555
1521,-13.566098,-33.715
1522,51.827694,53.85
1523,47.576836,49.05
1524,41.152493,41.79
1525,37.263298,41.4468
1526,52.479042,49.033333
1527,30.937988,29.8
1528,35.016983,34.75
1529,32.44313,27.91
1530,29.955002,27.34
1531,36.953255,43.72
1532,46.18239,47.46
1533,39.752197,43.21
1534,37.5962,39.61
1535,38.50754,38.04
1536,40.555206,37.1
1537,47.639973,40.52861
1538,41.176426,36.91
1539,38.12465,39.38
1540,39.8065,37.82
1541,38.866257,39.83
1542,35.907623,39.81
1543,44.542603,40.3928
1544,32.16924,30.79
1545,41.50688,36.11
1546,45.810528,44.72
1547,41.490482,45.44
1548,43.513386,44.41
1549,45.0408,37.866665
1550,40.98036,37.75
1551,45.495342,38.133335
1552,45.664192,37.9
1553,32.22159,32.02
1554,31.355618,34.626945
1555,50.2754,61.34837
1556,42.19733,38.05
1557,43.13058,37.75
1558,34.03097,41.75
1559,38.80757,39.09
1560,39.11537,37.87
1561,40.529133,37.83
1562,38.528824,37.59
1563,37.539593,42.56
1564,40.819527,37.9
1565,41.000774,37.816666
1566,45.326305,38.0
1567,44.51168,37.916668
1568,38.731323,39.26
1569,34.90718,33.79
1570,37.983833,49.16
1571,34.447308,32.08
1572,43.56383,37.9
1573,40.578835,42.706944
1574,37.12424,36.72
1575,35.881,38.24
1576,29.357395,32.16
1577,52.838768,38.10823
1578,34.241714,31.799166
1579,43.603317,38.4533
1580,37.42463,30.88
1581,36.90382,34.86
1582,35.47485,31.16
1583,41.288754,47.88
1584,43.56642,47.8167
1585,42.109962,38.09246
1586,48.055878,37.983334
1587,49.472015,38.233334
1588,45.61273,38.1
1589,54.16444,59.316666
1590,46.501045,43.5
1591,53.054783,47.325897
1592,37.833748,40.51
1593,34.025497,27.38
1594,34.35646,31.092222
1595,32.195587,35.28
1596,48.899887,50.20268
1597,33.83447,36.55
1598,41.371166,46.71
1599,40.41664,44.73
1600,34.225662,35.15
1601,38.940266,36.06
1602,37.116474,37.17
1603,47.565556,45.455276
1604,37.56553,45.07
1605,40.873222,44.55
1606,40.15091,41.52
1607,43.370476,38.15623
1608,40.511406,39.79
1609,40.470028,36.74
1610,44.405796,47.11
1611,44.055912,48.36
1612,46.059536,38.1
1613,41.677757,41.31
1614,49.018967,37.966667
1615,-6.3310986,-33.765
1616,42.159866,39.4275
1617,34.533062,36.88
1618,32.050278,33.03
1619,37.306274,31.76
1620,53.925694,57.925
1621,38.083153,41.366943
1622,50.669914,58.383335
1623,54.821426,57.516666
1624,52.11421,58.758236
1625,43.122692,41.97361
1626,36.874847,42.300278
1627,40.120052,46.05
1628,42.25871,41.886665
1629,44.512627,42.03389
1630,41.534412,43.91
1631,42.60405,44.11
1632,42.35673,43.81
1633,38.22175,42.67
1634,28.115051,29.28
1635,45.690605,42.291943
1636,31.787117,34.81111
1637,44.755985,41.865276
1638,42.69388,41.77778
1639,42.574425,41.956112
1640,38.910545,39.283333
1641,44.62354,41.975555
1642,43.084534,41.45
1643,38.908817,39.02
1644,43.03598,42.064167
1645,36.050507,35.73
1646,38.383724,36.28
1647,40.98968,37.84
1648,50.840866,53.58
1649,30.141808,36.08
1650,47.47596,55.879417
1651,35.201458,36.28
1652,33.75254,34.766666
1653,44.275063,40.29
1654,36.34535,36.17
1655,40.4124,33.08
1656,35.610733,34.69
1657,35.473476,35.2
1658,40.221523,39.87
1659,32.834324,34.294445
1660,40.193047,37.66
1661,46.863052,48.766666
1662,36.52894,34.368057
1663,34.83241,36.74
1664,33.41322,32.4
1665,53.43867,55.68139
1666,43.157646,49.583057
1667,40.41881,38.51
1668,35.616978,37.7
1669,62.287605,65.083336
1670,50.032574,48.31278
1671,54.168423,61.016666
1672,37.781376,40.58
1673,49.52385,51.216667
1674,55.699535,61.116665
1675,43.84451,46.76833
1676,43.854496,46.73901
1677,46.908802,46.73813
1678,41.543636,39.87
1679,38.358536,40.85
1680,39.359818,42.59
1681,38.589336,44.600075
1682,36.24173,36.71
1683,35.62509,37.12
1684,34.844448,38.564724
1685,37.305096,36.77
1686,52.164833,48.85
1687,56.314014,59.533333
1688,40.793644,41.04
1689,43.964245,38.31
1690,42.630238,45.132915
1691,41.504322,39.62
1692,40.78596,39.78
1693,39.707607,36.41
1694,33.059135,31.56
1695,30.042492,30.82
1696,35.012024,35.15
1697,29.536156,30.12
1698,34.482487,35.64
1699,49.023067,47.5667
1700,33.35717,34.99
1701,46.2549,48.8
1702,41.519924,41.10063
1703,54.10827,56.616665
1704,-14.715167,-33.798332
1705,38.159866,36.72
1706,54.78849,54.769722
1707,55.018925,59.56778
1708,44.584885,46.11
1709,48.15228,46.98
1710,57.231125,56.066666
1711,33.383987,34.94
1712,36.067326,35.05
1713,39.579464,35.3
1714,43.409447,42.016666
1715,43.492897,42.15
1716,53.103123,57.483334
1717,54.89542,66.61667
1718,40.53908,41.95
1719,40.469692,42.296665
1720,41.297928,42.25
1721,49.29172,42.3
1722,46.74271,42.0
1723,41.980583,41.983334
1724,42.461777,42.12323
1725,33.356365,32.86139
1726,32.129887,30.13
1727,28.181084,32.0
1728,41.28009,38.02
1729,30.740528,30.87
1730,43.214592,42.033333
1731,48.164883,48.666668
1732,38.791733,42.516666
1733,41.609516,42.233334
1734,45.641136,42.75
1735,41.95678,42.533333
1736,41.071938,42.771946
1737,44.974304,42.55
1738,43.732567,42.65
1739,41.40363,42.55
1740,55.391777,55.633335
1741,53.572037,58.448334
1742,48.570274,50.335278
1743,43.191833,34.850277
1744,45.559128,40.9
1745,41.07246,40.433334
1746,48.71441,41.166668
1747,50.038074,41.216667
1748,38.364616,40.40278
1749,42.710846,40.7
1750,42.155087,40.45
1751,45.377865,43.52889
1752,41.548107,35.6941
1753,42.63009,43.6725
1754,48.38852,43.564445
1755,43.374493,43.710556
1756,44.459015,48.44745
1757,42.43674,42.375
1758,41.408375,40.166668
1759,38.022644,34.64575
1760,41.91044,39.866665
1761,35.734447,40.806667
1762,44.02115,40.1
1763,43.764168,40.283333
1764,45.79605,44.216667
1765,45.08191,40.583332
1766,43.63653,44.266666
1767,40.878353,40.566666
1768,40.25417,40.533333
1769,49.189426,40.65
1770,45.787186,40.766666
1771,43.663498,40.47861
1772,48.657616,40.15
1773,45.419147,40.083332
1774,45.56079,40.366665
1775,47.813175,40.083332
1776,46.839146,40.383335
1777,48.348637,40.516666
1778,49.20173,40.983334
1779,49.19523,47.11028
1780,49.503677,40.566666
1781,48.147358,43.65
1782,47.944424,48.533333
1783,40.185722,34.780556
1784,54.43655,50.306034
1785,44.617146,44.166668
1786,52.622334,52.593334
1787,45.15992,45.866665
1788,46.365612,45.933334
1789,45.81438,45.8
1790,44.988136,46.2
1791,46.60548,46.05
1792,41.77438,46.233334
1793,46.670635,45.983334
1794,42.764435,34.593887
1795,42.836105,34.916668
1796,44.594074,46.05
1797,42.221527,46.283333
1798,47.57022,45.866665
1799,48.43264,46.15554
1800,47.256046,48.551945
1801,42.949177,43.426388
1802,44.444454,46.116665
1803,46.812294,46.11861
1804,44.74288,46.46624
1805,42.404705,46.126945
1806,48.814552,46.25
1807,48.73565,45.816666
1808,42.39567,45.883335
1809,46.65677,46.33031
1810,37.775806,45.8925
1811,43.175724,44.25
1812,41.527973,39.016666
1813,45.58408,38.733334
1814,51.15536,48.283333
1815,39.017605,35.5471
1816,38.221214,37.058174
1817,43.7294,38.85
1818,-5.3893156,-37.7667
1819,-1.74018,-34.7753
1820,50.402473,48.614445
1821,38.256863,34.072487
1822,36.14284,35.256397
1823,42.261757,36.5269
1824,35.860615,36.4862
1825,38.832417,36.4763
1826,34.08603,35.424305
1827,41.501606,46.043335
1828,40.406933,36.1204
1829,49.225117,56.326946
1830,38.216892,35.5943
1831,37.628498,35.704
1832,39.24429,35.3552
1833,45.477585,38.716667
1834,35.372253,39.1
1835,37.71359,35.644314
1836,37.513374,34.810165
1837,37.380028,35.5058
1838,41.218204,35.9169
1839,-12.098802,-37.887
1840,52.661987,53.138332
1841,42.03778,38.95
1842,43.547276,39.0
1843,27.489475,45.20139
1844,32.16298,35.950687
1845,51.78546,43.1167
1846,51.79279,59.116665
1847,49.12708,47.69639
1848,43.716278,39.683334
1849,40.512394,39.49627
1850,45.06148,39.083332
1851,45.826168,48.115833
1852,44.12848,39.466667
1853,52.935528,52.166668
1854,42.07996,39.3
1855,41.481373,39.17063
1856,42.71779,39.616665
1857,43.10499,39.8096
1858,47.208744,39.433334
1859,43.044296,39.766666
1860,44.632412,43.660557
1861,38.315437,41.722603
1862,43.062424,43.556667
1863,44.714066,43.38861
1864,44.2597,38.966667
1865,48.806114,49.19149
1866,49.127804,48.495556
1867,41.025784,44.53472
1868,43.63573,37.96389
1869,41.359318,38.016666
1870,9.1817875,-37.7882
1871,38.91756,38.216667
1872,42.502518,38.316666
1873,44.48421,38.1
1874,26.76033,14.758056
1875,9.703901,14.916667
1876,43.245483,38.266666
1877,43.648727,38.233334
1878,40.87031,38.416668
1879,41.612198,39.015163
1880,43.88417,38.666668
1881,43.020596,38.583332
1882,42.810863,38.65
1883,46.607803,38.7
1884,43.061695,43.082222
1885,43.10873,44.073055
1886,48.068584,49.016666
1887,38.518116,39.833332
1888,47.38672,41.008057
1889,46.687622,40.987778
1890,44.66672,40.96
1891,44.57857,40.95361
1892,41.30836,40.783333
1893,41.236465,41.39722
1894,47.62903,41.048332
1895,48.475216,40.93222
1896,45.542572,41.019165
1897,50.009186,40.97361
1898,44.2018,40.954723
1899,45.18547,40.982224
1900,45.54966,40.879166
1901,33.252422,34.72272
1902,38.025654,38.306
1903,46.85518,45.21891
1904,44.50806,42.914444
1905,38.890293,32.5751
1906,40.108307,37.434723
1907,48.20593,41.45
1908,46.241688,41.133335
1909,49.261856,41.06286
1910,51.036606,41.283333
1911,44.480156,41.283333
1912,51.688095,41.25
1913,47.787758,41.05
1914,47.946056,41.183334
1915,45.370895,41.133335
1916,49.870903,48.416668
1917,44.57256,43.050888
1918,35.62509,35.489647
1919,32.33096,39.2194
1920,49.688644,48.333332
1921,47.169792,51.766666
1922,48.288265,43.84667
1923,51.458473,48.616665
1924,49.75101,52.40222
1925,36.654953,35.536
1926,45.790005,50.483334
1927,39.08381,49.5
1928,35.438457,35.7948
1929,38.47738,35.69417
1930,44.99601,48.290554
1931,48.040535,49.503532
1932,28.002342,0.0
1933,38.291027,40.91333
1934,42.166702,50.009365
1935,45.6086,43.828056
1936,37.71046,43.42361
1937,38.054188,43.818054
1938,43.045254,43.56111
1939,48.833874,48.766666
1940,32.411415,32.73861
1941,34.63093,41.25
1942,52.192024,47.335957
1943,41.552376,47.500423
1944,48.86195,41.218887
1945,49.113365,47.244072
1946,47.00876,47.40393
1947,50.691,47.46199
1948,49.923874,47.25903
1949,42.100403,41.183334
1950,48.247265,41.05
1951,45.274136,49.65
1952,44.610382,42.55929
1953,46.051323,41.4
1954,41.612743,40.966667
1955,47.0074,41.183334
1956,50.429775,41.166668
1957,48.82847,41.333332
1958,46.39133,41.433334
1959,44.340412,45.018612
1960,48.0464,48.5375
1961,51.414005,41.083332
1962,52.077084,41.25
1963,46.072845,47.180557
1964,41.992138,40.48721
1965,37.018867,45.940834
1966,42.320686,43.109768
1967,47.304554,43.192142
1968,45.94063,42.98822
1969,49.712803,47.7025
1970,42.29334,43.09737
1971,47.358723,43.16111
1972,46.539677,44.345833
1973,46.49938,46.55111
1974,42.592625,42.900833
1975,45.469116,46.220554
1976,49.994892,48.0092
1977,46.554493,49.413612
1978,43.20764,44.253334
1979,49.132523,49.11111
1980,41.582718,44.357777
1981,37.123802,39.0367
1982,41.089363,45.52111
1983,47.326912,47.04536
1984,46.74896,42.583332
1985,43.360798,43.018612
1986,50.410934,48.443054
1987,44.078453,44.25083
1988,33.70272,35.535
1989,33.65983,36.306946
1990,39.572952,34.793335
1991,34.430206,35.925556
1992,43.841064,46.358334
1993,26.197327,26.351944
1994,37.46473,34.577187
1995,35.446934,39.886665
1996,39.863667,38.05528
1997,36.734253,35.38828
1998,36.83078,35.495834
1999,38.589718,34.99623
2000,33.378117,34.736946
2001,34.1248,34.414585
2002,32.5253,34.756943
2003,38.06593,35.4875
2004,30.092575,36.028736
2005,39.586212,35.014336
2006,32.85895,40.442654
2007,35.844772,34.798046
2008,33.30809,35.287777
2009,37.171696,37.112713
2010,34.083042,35.122
2011,36.931953,35.120438
2012,32.80676,34.696415
2013,33.402287,35.431667
2014,51.93112,61.066666
2015,53.074802,51.683334
2016,-8.191813,-35.336
2017,44.767456,49.969166
2018,51.10366,52.216667
2019,46.387554,50.7
2020,48.880333,47.366665
2021,40.029205,43.859444
2022,49.096413,48.56972
2023,50.466717,51.15
2024,45.57638,44.193333
2025,45.71172,44.33361
2026,20.901962,8.8219
2027,48.578445,49.252777
2028,21.195831,9.0518
2029,45.401672,47.9825
2030,49.471806,50.92
2031,51.41271,53.783054
2032,49.93582,52.42472
2033,50.51457,48.84
2034,42.004307,42.995834
2035,51.610447,51.163612
2036,45.521297,43.993057
2037,37.3134,34.974
2038,45.187412,44.245556
2039,43.128777,44.22
2040,43.00111,49.56618
2041,42.26419,43.232777
2042,46.79827,44.031944
2043,43.0763,44.020832
2044,43.673264,43.879166
2045,36.48724,35.893307
2046,38.75,34.912537
2047,38.72991,34.916943
2048,47.69361,44.350555
2049,43.91336,42.855835
2050,52.49611,52.435833
2051,41.331814,43.43111
2052,45.51905,54.9632
2053,31.400879,35.032257
2054,37.511353,35.33911
2055,34.650173,34.726955
2056,44.86324,43.46611
2057,42.663677,44.11639
2058,45.06757,46.263332
2059,47.496666,47.859444
2060,40.612244,44.142223
2061,51.16383,53.551945
2062,42.114838,78.60917
2063,44.85032,43.735554
2064,47.75597,47.574722
2065,50.15751,48.24111
2066,47.66145,48.12583
2067,42.9912,42.775555
2068,39.45728,40.85472
2069,43.497696,42.793888
2070,45.118805,34.862286
2071,40.81975,43.394722
2072,-24.479607,-37.85
2073,42.63769,43.56333
2074,39.560974,44.7767
2075,43.74113,42.97
2076,48.146126,48.124443
2077,41.695644,42.95972
2078,44.836693,47.34083
2079,41.57005,43.351665
2080,47.100224,44.521667
2081,43.389053,47.166668
2082,42.80895,46.449165
2083,41.793713,46.033333
2084,42.24258,43.092777
2085,45.980305,43.24389
2086,41.90437,43.051388
2087,47.334282,43.79889
2088,42.443016,43.689724
2089,43.151325,42.759445
2090,44.26269,47.03143
2091,48.722496,47.718334
2092,47.578796,47.675835
2093,49.906097,48.37472
2094,49.338776,52.50722
2095,38.009422,45.264168
2096,40.53244,34.808876
2097,45.793827,42.877777
2098,42.307182,43.066944
2099,41.681736,46.66581
2100,49.883095,48.860832
2101,46.294056,43.5225
2102,36.744713,34.7986
2103,46.34283,43.885277
2104,42.29141,34.809166
2105,36.48048,34.75791
2106,42.665733,44.38389
2107,39.804867,34.803215
2108,41.64824,36.806667
2109,45.515285,35.4776
2110,39.18707,35.4956
2111,32.27795,36.685276
2112,18.039785,-2.639722
2113,28.88858,28.56694
2114,46.544994,47.998333
2115,42.598454,42.393055
2116,26.456055,-34.72
2117,17.583755,-34.716667
2118,41.43594,42.37611
2119,39.266376,39.9812
2120,40.540558,42.996666
2121,46.829506,48.139446
2122,40.476025,34.74222
2123,44.20118,41.088245
2124,49.30158,47.955833
2125,45.229496,48.798332
2126,39.859753,34.97416
2127,39.440323,40.95
2128,43.545593,40.9
2129,50.782978,40.694443
2130,40.51993,45.0325
2131,46.032246,44.888054
2132,41.313755,40.933334
2133,45.417408,44.72972
2134,49.62477,40.7
2135,54.07486,55.871387
2136,47.147507,40.916668
2137,45.761627,40.933334
2138,40.69969,34.9075
2139,43.844986,49.12389
2140,46.78963,49.53036
2141,45.179832,47.650276
2142,36.981586,40.966667
2143,48.647327,49.527267
2144,47.016068,49.539967
2145,46.006786,40.916668
2146,37.617306,34.74278
2147,44.63632,43.20361
2148,43.108173,40.766666
2149,47.593605,48.00639
2150,50.235813,43.16417
2151,39.25892,43.040554
2152,45.07689,42.9934
2153,43.102592,44.936943
2154,42.49764,37.0411
2155,48.93533,49.455276
2156,41.864693,42.988056
2157,54.022675,60.316666
2158,46.181946,43.35
2159,45.87238,43.128334
2160,48.396828,32.155556
2161,43.694397,43.573334
2162,35.521965,34.74
2163,42.4438,41.322598
2164,41.002773,43.981945
2165,45.191998,43.266666
2166,44.581306,40.924168
2167,42.653534,42.808613
2168,43.100605,40.909443
2169,48.99613,43.59505
2170,39.522476,34.91773
2171,43.806995,43.37583
2172,46.448097,44.86861
2173,43.341957,44.484444
2174,50.520878,47.90167
2175,46.940777,44.478333
2176,43.385666,44.464443
2177,39.655514,34.759914
2178,41.41307,35.80672
2179,36.034367,35.6142
2180,43.737415,43.42972
2181,51.701687,49.083332
2182,39.734894,43.61639
2183,46.846462,47.34639
2184,47.582325,49.037777
2185,38.8814,34.785522
2186,35.729362,35.882576
2187,47.685204,48.029167
2188,43.11731,43.3575
2189,36.614117,34.6128
2190,41.12614,43.900555
2191,41.198666,34.878334
2192,37.47693,45.799446
2193,37.19214,38.2919
2194,42.52871,36.1171
2195,46.8544,51.013054
2196,40.264996,43.018612
2197,45.91981,48.506943
2198,49.16732,44.921944
2199,47.641262,48.011665
2200,44.682625,45.699444
2201,44.304516,43.797222
2202,39.924778,43.81333
2203,47.490505,48.335556
2204,41.735916,44.022778
2205,44.7092,46.4036
2206,32.17797,35.29639
2207,39.857677,35.8057
2208,38.116238,35.8667
2209,35.55033,56.732388
2210,37.10676,38.2587
2211,17.183949,35.02496
2212,50.132225,56.566666
2213,35.45445,35.9145
2214,44.693295,39.27718
2215,46.664654,51.244446
2216,43.655457,44.825813
2217,35.738777,34.769722
2218,34.538456,35.69173
2219,39.6375,35.705276
2220,49.550644,47.39119
2221,49.28256,50.880833
2222,49.06458,47.05392
2223,45.38105,49.1098
2224,49.225517,47.507923
2225,37.341145,35.69574
2226,44.289604,43.821945
2227,39.009686,43.06861
2228,34.41861,38.2142
2229,46.290413,47.434544
2230,49.43457,47.288044
2231,28.454174,23.292778
2232,34.556927,35.588413
2233,33.501328,34.663673
2234,41.727463,40.433334
2235,47.06523,40.566666
2236,47.677273,40.783333
2237,47.64464,40.25
2238,45.597294,38.43889
2239,46.7408,40.066666
2240,43.161507,40.616943
2241,49.765396,40.621387
2242,43.160213,44.815277
2243,49.37876,40.35
2244,49.42306,40.65
2245,42.440063,69.0
2246,49.386425,40.627777
2247,45.705994,40.666668
2248,47.503876,40.628056
2249,47.179234,40.716667
2250,45.871696,40.116665
2251,47.763298,40.79109
2252,48.299004,40.45
2253,40.22317,43.806946
2254,42.125065,40.65
2255,44.21331,42.935276
2256,49.29921,40.266666
2257,42.118755,43.237778
2258,49.67269,40.3102
2259,40.85403,37.636776
2260,46.608364,40.383335
2261,42.803974,43.606945
2262,49.844788,40.233334
2263,43.881203,43.176388
2264,38.40717,34.8103
2265,32.70719,35.333332
2266,48.622047,48.0
2267,48.789265,43.656944
2268,45.19569,43.7942
2269,48.936493,43.561443
2270,49.320942,48.90861
2271,48.847942,43.3146
2272,50.45148,43.0819
2273,48.14381,43.22141
2274,45.522865,43.37462
2275,47.056404,47.34667
2276,47.486725,43.175835
2277,54.13284,53.3893
2278,42.515423,37.011944
2279,43.132553,40.1
2280,43.71621,45.193054
2281,46.07415,47.111668
2282,43.94844,45.754166
2283,49.788055,46.752777
2284,44.33645,43.12639
2285,43.774124,43.34028
2286,42.9284,43.43722
2287,42.837257,44.059444
2288,42.179867,46.310833
2289,40.66104,35.89
2290,40.051258,43.140278
2291,39.61484,36.359444
2292,49.69223,52.8
2293,44.91,43.190277
2294,35.74984,35.9427
2295,37.561066,35.69336
2296,47.450825,46.308334
2297,38.51905,35.6501
2298,36.02269,35.903233
2299,34.10762,35.890816
2300,45.81037,48.226665
2301,45.27001,44.00889
2302,34.910854,36.103333
2303,21.386955,24.036112
2304,42.138,35.463078
2305,39.668865,34.76408
2306,49.352005,49.118057
2307,47.933456,49.108055
2308,41.353085,48.1131
2309,46.881542,49.528057
2310,37.257423,34.7676
2311,37.589848,34.8194
2312,37.968956,34.8273
2313,44.279713,43.237778
2314,36.507805,34.32528
2315,38.78359,34.3817
2316,36.507866,35.542957
2317,47.396027,49.67
2318,44.6021,43.406944
2319,41.710594,43.419445
2320,41.97405,43.505833
2321,46.26096,43.97167
2322,46.36884,44.09028
2323,42.764603,44.07
2324,37.145557,36.3938
2325,50.25492,50.533333
2326,45.77281,44.19389
2327,45.450867,43.95361
2328,42.79269,43.674446
2329,45.365784,43.784443
2330,35.106678,33.016666
2331,45.19229,48.22278
2332,50.32337,49.363888
2333,44.43549,43.830833
2334,45.542442,44.268612
2335,50.282616,53.4325
2336,38.038876,42.08139
2337,49.08701,44.162224
2338,20.111565,26.65
2339,36.811028,38.5217
2340,43.416103,43.6136
2341,42.85883,41.1456
2342,33.73924,41.0806
2343,47.536892,49.488335
2344,49.687122,49.769722
2345,38.2356,30.213888
2346,32.081562,35.00282
2347,45.716923,44.038055
2348,36.216476,32.8
2349,36.864212,37.6806
2350,35.429943,36.038612
2351,38.576756,38.2669
2352,37.538746,38.824165
2353,50.132053,49.19528
2354,40.502125,40.75
2355,35.712254,31.453056
2356,33.102146,32.468056
2357,41.591076,43.53639
2358,40.35247,43.046944
2359,32.07831,35.005833
2360,37.186592,36.13139
2361,49.709797,46.384407
2362,18.008614,14.45
2363,38.129925,50.00998
2364,46.11884,45.316666
2365,47.054237,45.116665
2366,36.790955,39.1392
2367,44.144474,42.871666
2368,40.880756,35.7099
2369,53.21648,50.419
2370,33.58672,-25.0687
2371,44.894028,45.416668
2372,45.786983,38.970276
2373,51.13126,51.7667
2374,58.290436,58.246944
2375,47.33287,44.824444
2376,29.029575,40.76139
2377,45.02635,46.378613
2378,39.05504,34.070557
2379,46.29348,42.966667
2380,45.911118,43.066666
2381,44.960983,45.066666
2382,46.912495,50.8
2383,42.846436,43.059166
2384,46.93193,47.66028
2385,40.894333,43.283333
2386,48.711094,45.35
2387,48.829205,45.4
2388,39.77967,45.84833
2389,46.639862,47.5625
2390,45.58603,47.55
2391,51.818676,53.840275
2392,42.391907,43.185
2393,41.510994,44.052223
2394,41.969555,34.928516
2395,42.47285,43.436943
2396,48.22233,51.8333
2397,49.487312,49.431118
2398,47.441944,49.49448
2399,50.62778,49.50462
2400,49.617455,49.423115
2401,43.206573,43.03611
2402,42.03768,43.779724
2403,34.089485,35.74381
2404,38.342846,34.28
2405,56.38398,60.40861
2406,38.41692,41.6376
2407,47.110184,45.266666
2408,38.407516,40.710922
2409,42.411575,42.37907
2410,47.337433,44.185
2411,43.630577,49.4843
2412,45.363,43.816944
2413,43.720997,45.45
2414,40.26632,43.381943
2415,40.480904,49.612488
2416,38.46204,43.985832
2417,39.686024,49.4703
2418,45.622963,44.56389
2419,42.93859,41.90889
2420,51.333344,44.61758
2421,45.42074,45.033333
2422,51.77327,44.65
2423,47.520992,44.666668
2424,47.311375,44.4
2425,43.427433,45.736946
2426,48.87468,45.57611
2427,47.728493,45.988888
2428,47.309177,45.660557
2429,46.404118,44.88944
2430,43.188545,44.81598
2431,44.970646,42.890278
2432,41.547226,42.959446
2433,49.031265,48.094723
2434,49.06703,44.85
2435,43.828186,43.185833
2436,40.46729,40.719444
2437,42.179527,43.815834
2438,43.350517,43.43833
2439,47.151634,50.8858
2440,28.518776,11.595
2441,46.702545,50.9679
2442,40.69312,43.038334
2443,49.814312,51.7525
2444,50.869564,51.5992
2445,37.22654,34.6938
2446,40.091797,41.16228
2447,43.730747,50.92145
2448,46.727036,49.67761
2449,47.92494,43.883335
2450,50.480923,48.091667
2451,49.285927,52.5019
2452,48.988922,52.8783
2453,49.57429,44.256943
2454,42.18258,43.42472
2455,43.032413,43.88639
2456,45.35994,43.5725
2457,47.522057,44.01278
2458,44.18118,44.184166
2459,47.208145,44.0
2460,43.551025,44.0
2461,47.0774,45.483334
2462,46.073376,45.833332
2463,48.25123,45.816666
2464,49.229027,35.8625
2465,47.454227,24.479723
2466,57.756226,56.036
2467,49.76348,40.606945
2468,50.588966,52.4
2469,47.987396,39.77667
2470,40.844383,31.933332
2471,29.328587,31.566668
2472,34.95829,32.607777
2473,33.86101,-31.95
2474,50.23451,-37.783333
2475,45.81284,45.9481
2476,42.019054,31.916666
2477,44.965252,32.21086
2478,35.693256,37.0
2479,41.79035,48.05
2480,45.13585,39.144444
2481,43.020153,45.816666
2482,47.67977,45.816666
2483,44.924393,43.76889
2484,48.124966,44.9602
2485,45.849873,45.85
2486,46.96165,45.65
2487,47.99659,42.843613
2488,43.07316,42.956944
2489,46.495094,45.8797
2490,42.85643,38.22
2491,43.72414,44.045277
2492,31.449726,32.35
2493,43.416416,43.88222
2494,49.016365,45.997776
