id,pred_y,target_y
0,6447.4644,62448.0
1,6452.1426,325145950.0
2,6452.11,705749.0
3,6277.3496,4234.0
4,6174.399,1240.0
5,4349.534,6253.0
6,6452.1426,1704694.0
7,6451.953,76097.0
8,6118.0693,15957.0
9,5362.0015,8304.0
10,5516.221,10453.0
11,6451.9897,3004.0
12,6074.445,1306.0
13,6399.2725,13199.0
14,6452.1426,185103.0
15,4990.789,4267.0
16,6128.058,11180.0
17,5400.817,587.0
18,6452.137,132915.0
19,6452.1426,160355.0
20,6377.747,4009412.0
21,6452.1426,12717176.0
22,6414.1196,10346.0
23,6357.638,1209.0
24,6307.0205,638.0
25,6452.142,546388.0
26,6398.702,2957.0
27,6452.1396,46734.0
28,6444.134,500.0
29,6326.21,598814.0
30,6452.142,186527.0
31,6452.142,370260.0
32,4840.0205,260.0
33,6188.1265,6026.0
34,6377.9736,6298.0
35,5231.544,1213.0
36,6209.7163,399.0
37,6452.142,20516.0
38,6356.543,1715.0
39,6451.9644,5945.0
40,6439.0547,434008.0
41,5814.632,549.0
42,6452.139,153153.0
43,4975.5894,2044.0
44,6107.367,25358.0
45,6452.1426,95818.0
46,5374.776,1609675.0
47,4238.5723,1023.0
48,5960.799,8755.0
49,5817.747,163915.0
50,6145.4014,9908.0
51,4511.3623,1051.0
52,6452.141,6678567.0
53,5251.339,7569.0
54,6078.403,8926.0
55,6450.268,232755.0
56,6432.089,1297.0
57,6452.1426,2872800.0
58,6452.1206,97.0
59,6442.909,229.0
60,4873.2935,347.0
61,6406.2666,23645.0
62,5516.6304,308.0
63,4469.6743,1881.0
64,4616.554,832.0
65,6451.9307,479.0
66,5997.663,2459.0
67,6452.1426,1077169.0
68,6091.2334,7924.0
69,6346.271,3166.0
70,6452.1426,2911641.0
71,6452.1426,600473.0
72,5962.2637,2268.0
73,5339.304,3102.0
74,6452.142,1264613.0
75,4765.1553,5287.0
76,6452.1426,1628000.0
77,6066.909,4735.0
78,4755.076,10764.0
79,6112.357,12220.0
80,6351.022,4112920.0
81,2774.157,2906.0
82,6382.5503,10290.0
83,6433.6797,129585.0
84,5610.3657,494.0
85,4328.7847,882.0
86,4572.309,3455.0
87,6452.1426,280966.0
88,6451.9155,12208407.0
89,3886.518,11010.0
90,6448.814,138517.0
91,6452.0913,1844173.0
92,6452.1235,263991380.0
93,6452.1426,35362.0
94,6449.5703,171011.0
95,4634.9688,20080.0
96,6452.1353,20564.0
97,6394.227,77865.0
98,6452.0576,15850567.0
99,6269.0493,47351.0
100,6443.54,1351562.0
101,6452.142,152610.0
102,6384.201,82033.0
103,6451.812,4841078.0
104,6437.3984,97433.0
105,6452.142,149127.0
106,6315.8276,4564.0
107,3915.171,8631.0
108,6336.3174,5249.0
109,5639.138,5184.0
110,4512.8433,16681.0
111,6452.1426,4370000.0
112,6452.1426,120000.0
113,6270.926,124295.0
114,4006.7136,13525.0
115,6451.9854,1312947.0
116,6357.748,3178.0
117,6451.6455,1274250.0
118,6252.6655,78782.0
119,5663.131,5097.0
120,6259.9717,362437.0
121,6452.1426,86790570.0
122,5186.674,12969.0
123,6451.749,42615.0
124,6450.9146,416427.0
125,4455.827,14711.0
126,6452.1426,6100075.0
127,6452.122,1267689.0
128,6452.131,855393.0
129,6451.956,26908262.0
130,6452.1313,15477751.0
131,5962.9165,73925.0
132,6449.613,29784192.0
133,6452.1416,19193382.0
134,6452.1426,418495.0
135,6452.1426,193811.0
136,6452.1426,235230.0
137,6422.3735,1058810.0
138,6451.7466,322128.0
139,6340.8916,977448.0
140,4239.892,407.0
141,5263.316,38712.0
142,6099.5386,134504.0
143,6452.1167,79200.0
144,6452.1426,766739.0
145,6452.119,334692.0
146,6450.725,147333.0
147,6452.079,49631.0
148,6452.1426,107289.0
149,6452.139,318416.0
150,6451.994,228236.0
151,5814.5835,7982448.0
152,6451.9663,252776.0
153,6452.1396,447643.0
154,6452.1426,106433.0
155,6452.1426,76915.0
156,6446.298,11482.0
157,6451.993,11069533.0
158,6422.5522,966.0
159,3388.8894,19543.0
160,6449.8667,32868.0
161,6452.141,142622.0
162,6452.142,11396.0
163,5750.875,32090.0
164,6405.3867,43991.0
165,2711.4329,235.0
166,6044.059,148.0
167,4468.569,253.0
168,6411.2637,42014.0
169,6452.1426,1626159.0
170,6414.9087,700.0
171,6439.491,21254.0
172,3958.9014,197406.0
173,2736.865,84.0
174,5802.863,3401.0
175,6452.136,466195.0
176,6452.141,19177.0
177,6429.9453,43964.0
178,6431.5786,290666.0
179,6428.0044,24821.0
180,6409.671,3894.0
181,6451.9634,66886.0
182,6170.8125,1622.0
183,6450.686,1267145.0
184,6452.1426,28515828.0
185,6443.213,24063.0
186,6448.191,84653.0
187,6452.075,9313.0
188,5506.271,3776.0
189,2769.3,1535.0
190,6149.1724,7351.0
191,4506.2144,3384.0
192,6423.7183,849469.0
193,6428.633,13400.0
194,6444.0576,1003.0
195,6321.0947,7020.0
196,6398.7563,9053.0
197,6431.6255,7119.0
198,4032.8784,25699.0
199,6444.208,60497.0
200,6452.124,2461.0
201,6250.5503,284722.0
202,3499.9666,492.0
203,6272.159,2994302.0
204,6444.3315,12802503.0
205,6400.3096,10578.0
206,6442.261,41610.0
207,6452.1416,28092.0
208,4985.468,1212263.0
209,6452.139,787033.0
210,6414.3325,1164098.0
211,6452.1426,631155.0
212,6452.05,5850901.0
213,6028.308,119806.0
214,6441.855,4663.0
215,6452.042,30.0
216,6452.1064,48628.0
217,6452.141,11396.0
218,6452.08,15998.0
219,6349.9497,2430581.0
220,-775.5486,64897950.0
221,6450.6274,154707.0
222,6452.125,126326.0
223,6452.1426,1780148.0
224,6384.868,529797.0
225,6451.7275,34590.0
226,6451.622,47211.0
227,6446.196,66641.0
228,6451.8735,64474.0
229,6452.142,51049.0
230,6448.5503,5329.0
231,6452.1426,29727.0
232,6443.3535,27807.0
233,6235.1074,244838.0
234,6452.024,3577032.0
235,6423.3794,61683.0
236,6452.1426,78892.0
237,5558.427,11935.0
238,6452.1416,38762.0
239,6452.072,178874.0
240,6452.1426,205695.0
241,6452.1426,945934.0
242,6449.0117,46722.0
243,6450.4653,9614.0
244,6452.0957,436876.0
245,6452.1426,197059.0
246,5750.259,956023.0
247,6450.341,34645.0
248,5159.2637,21404.0
249,6452.137,6520266.0
250,6445.3076,357100.0
251,6422.703,35135.0
252,6451.0225,77344.0
253,6233.5044,1232.0
254,6427.8843,40888.0
255,5662.626,936.0
256,6105.956,2051.0
257,6451.609,324528.0
258,6448.119,35129.0
259,6186.4697,1325.0
260,6443.1367,100011.0
261,4340.482,2651.0
262,4788.7466,2414.0
263,6441.6943,233.0
264,4879.3315,2574.0
265,6452.1157,27761064.0
266,6452.1426,2325918.0
267,6438.445,98153.0
268,6452.0557,206575.0
269,5969.853,89.0
270,6452.095,325078.0
271,5274.5664,510.0
272,6452.1426,80254.0
273,5348.414,3740026.0
274,6450.653,6125335.0
275,6451.795,49454.0
276,6452.0547,334887.0
277,6452.1396,65024.0
278,6452.1406,561289.0
279,6452.142,513210.0
280,6421.0713,16145.0
281,6451.781,661000.0
282,6452.057,569352.0
283,6452.128,919438.0
284,5772.3467,101438.0
285,6436.028,213644.0
286,6452.1416,77596.0
287,6452.1426,6747425.0
288,6452.1133,688.0
289,6416.267,5285.0
290,6080.039,366.0
291,6346.888,2770.0
292,6324.0083,42695.0
293,6452.1426,1592657.0
294,6249.9004,873.0
295,6448.636,67862.0
296,6344.7524,4496.0
297,6451.9907,7036.0
298,4363.3213,9332.0
299,6075.5186,1748.0
300,6391.6265,83029.0
301,5190.964,6187.0
302,6270.182,159165.0
303,4955.5376,9872.0
304,5724.723,4926818.0
305,6452.1426,152596.0
306,6442.189,681.0
307,6452.142,1079721.0
308,6416.6826,2036.0
309,6452.1167,518090.0
310,5536.749,32503.0
311,6452.1426,227283.0
312,6321.458,332842.0
313,6449.8394,1077057.0
314,6452.14,10093.0
315,4475.181,58.0
316,6307.47,6003815.0
317,6452.1426,232787.0
318,6451.051,16406.0
319,6000.6855,56254.0
320,6418.78,16339.0
321,6451.8174,4684777.0
322,6447.3394,1125559.0
323,6451.5283,70284.0
324,6451.9727,689668.0
325,5813.303,110145.0
326,6224.591,9837.0
327,6450.0757,65177.0
328,6452.1387,551798.0
329,6452.1426,2867504.0
330,6314.814,598.0
331,6304.204,19804.0
332,6444.8955,6308.0
333,6421.5527,4046.0
334,6452.0996,169416.0
335,6339.611,4478.0
336,5366.36,7337330.0
337,6434.9854,3646.0
338,6365.219,6231.0
339,5299.9165,5874.0
340,4307.2246,3470.0
341,6380.997,87507.0
342,6384.1987,27975.0
343,6379.0303,938.0
344,6448.4697,22802.0
345,6434.9883,646277.0
346,6390.641,17310.0
347,6319.776,332999.0
348,6452.1426,68548440.0
349,6427.204,6996976.0
350,6452.1406,118765.0
351,6452.1406,117859.0
352,6451.3975,331400.0
353,6451.9854,49858.0
354,6452.142,1413959.0
355,6451.778,123720.0
356,6452.1284,419363.0
357,6444.833,739837.0
358,5084.3555,68.0
359,6452.069,4039939.0
360,6373.3,4337000.0
361,6452.1367,812056.0
362,6286.4814,1042998.0
363,5997.643,5171.0
364,6452.1396,34849000.0
365,3138.8794,221797.0
366,6436.792,1806.0
367,6450.7856,132009.0
368,6315.178,62737.0
369,6449.6,11597.0
370,6451.798,11587.0
371,5477.1646,1134431.0
372,6451.975,22639.0
373,6452.114,1703.0
374,6276.5186,47987.0
375,6451.701,126181.0
376,6452.1387,44737.0
377,6434.127,6432.0
378,6433.613,15988.0
379,6447.8584,33065.0
380,6280.4653,10013.0
381,6452.1406,59789.0
382,6452.1426,45193.0
383,6452.121,1307931.0
384,5578.691,100365.0
385,6391.028,99736.0
386,5421.344,137.0
387,6451.9556,198283.0
388,6452.1084,403131.0
389,5825.031,3418.0
390,6441.3574,10583.0
391,6452.129,1722006.0
392,6439.3154,113138.0
393,6441.321,222356.0
394,6450.851,43651.0
395,5589.0684,26784.0
396,6415.699,59329.0
397,4609.8657,56.0
398,5912.644,5888.0
399,6450.981,73639.0
400,6363.707,687802.0
401,6416.0576,214336.0
402,6452.129,760650.0
403,6452.1426,446224.0
404,6449.5767,108706.0
405,6311.4307,11687.0
406,6452.081,100418.0
407,6411.607,3678301.0
408,6357.2007,414.0
409,6444.522,602126.0
410,6452.1426,154590.0
411,6431.852,947995.0
412,1924.9418,1349.0
413,6189.6426,7555830.0
414,6449.6616,744554.0
415,6450.274,26184.0
416,5084.557,2649.0
417,6452.12,4410.0
418,6452.1426,7743955.0
419,5425.9263,13489.0
420,5984.665,1220363.0
421,6452.1426,251774.0
422,6452.111,509965.0
423,6452.1426,574654.0
424,6451.891,90329.0
425,6363.2056,34411.0
426,5147.1016,35335.0
427,6351.7485,491792.0
428,6452.1035,209550.0
429,6327.4673,325712.0
430,5458.731,14340.0
431,6448.7114,92729.0
432,5470.5586,42519.0
433,6270.186,2628.0
434,6451.9067,38829.0
435,5435.165,40792.0
436,6018.4937,219929.0
437,6452.1323,34080.0
438,6449.811,4320519.0
439,6438.5283,167148.0
440,6452.1426,3382000.0
441,6444.605,44616.0
442,6451.7734,295803.0
443,6424.3735,377200.0
444,5998.4473,11618.0
445,6361.931,277301.0
446,6206.995,112408.0
447,6452.0254,50692.0
448,6018.001,12505.0
449,6430.7783,56567.0
450,6392.6514,127748.0
451,6247.639,10120.0
452,6450.2144,3215700.0
453,6452.0176,358614.0
454,6452.088,152050.0
455,6451.952,203433.0
456,6451.993,44397.0
457,6446.414,22753.0
458,6357.3354,27244.0
459,6451.8276,6375.0
460,6452.086,69337.0
461,6452.14,182265.0
462,4801.195,14578.0
463,5790.9634,4032.0
464,6452.11,126503.0
465,5548.2603,443817.0
466,6452.1416,2081.0
467,6452.142,180080.0
468,6452.1196,53967.0
469,6451.936,96971.0
470,6447.532,13486.0
471,5999.0166,25182.0
472,6205.3857,6523.0
473,5211.416,266936.0
474,6275.8843,1575808.0
475,6451.749,1094284.0
476,5907.6567,112102.0
477,4711.991,142030.0
478,5997.7153,149566.0
479,5923.113,16935.0
480,5909.2266,13018.0
481,6450.707,90173.0
482,3578.8486,43683.0
483,6452.14,122192.0
484,6452.142,1391.0
485,5464.3633,438864.0
486,2728.1328,111446.0
487,6424.4297,4854.0
488,6392.9614,31983.0
489,6304.479,34486.0
490,6165.823,180190.0
491,6452.142,128744.0
492,6452.1294,7468.0
493,6407.8936,53326.0
494,5697.6426,5395.0
495,6452.1426,80405.0
496,6007.0938,32938.0
497,5302.0996,31827.0
498,6047.002,1557.0
499,6452.1426,132634.0
500,6339.4604,1348.0
501,3561.081,1231.0
502,6451.867,66522.0
503,6452.1416,67292.0
504,6452.029,8900.0
505,6452.1426,23352.0
506,6451.9766,41340.0
507,6427.421,657786.0
508,6448.5947,199.0
509,6436.344,861799.0
510,3221.215,9421.0
511,6451.857,8226.0
512,1204.6173,1163.0
513,5945.638,76508.0
514,6349.1772,198629.0
515,4421.0005,26905.0
516,3830.7234,126.0
517,6448.673,29031.0
518,6452.1416,25210.0
519,6452.0947,2383075.0
520,6280.317,66940.0
521,5906.8813,2839.0
522,6452.141,939465.0
523,5790.042,990977.0
524,6451.903,4295.0
525,6250.78,20667.0
526,6284.446,66982.0
527,6452.1426,5245.0
528,6333.051,156920.0
529,6452.004,2713147.0
530,6448.944,54978.0
531,5465.066,13111.0
532,6450.9834,103202.0
533,6368.6733,20947.0
534,6451.3823,42598.0
535,6452.1426,24932.0
536,6450.3584,33945.0
537,4480.1035,2106.0
538,6452.1304,54462.0
539,6355.372,766135.0
540,6450.294,19896.0
541,6452.136,3151676.0
542,6451.948,2708339.0
543,6452.1406,197166.0
544,6452.0957,47390.0
545,6450.623,253693.0
546,3881.4941,325182.0
547,4537.9917,9978.0
548,4305.034,11635.0
549,6390.757,9450.0
550,6452.1426,147900.0
551,6452.1426,54434.0
552,6427.05,4191.0
553,6336.3037,52837.0
554,6451.159,2095.0
555,6445.747,1813.0
556,6445.4067,43708.0
557,6452.0674,1133.0
558,6370.1567,24.0
559,4837.1323,2515.0
560,5798.0537,4520.0
561,5115.2188,461.0
562,6410.3604,323.0
563,6238.2603,180.0
564,6428.0503,495.0
565,6449.9917,1139.0
566,5401.071,4533.0
567,6385.108,288466.0
568,6332.5093,492.0
569,6026.1772,1103.0
570,5207.7866,406.0
571,6452.1426,2039200.0
572,6449.5166,105037.0
573,5310.2065,39932.0
574,5994.0493,24845.0
575,6396.166,18155.0
576,5990.94,9549.0
577,6447.8,990.0
578,6148.054,15672.0
579,6452.1426,41941.0
580,6452.1426,30281.0
581,5999.177,1043.0
582,6450.8804,4844.0
583,6451.8755,923.0
584,6452.0366,92969.0
585,6296.4673,2010.0
586,6079.8296,1409.0
587,6452.131,602.0
588,5839.702,341.0
589,6376.74,4081.0
590,5086.402,576.0
591,5990.3384,4550.0
592,6149.5903,847.0
593,6451.896,2564.0
594,6396.336,589.0
595,5493.9287,602.0
596,5356.573,2709.0
597,1653.2683,859.0
598,4954.5767,589.0
599,5955.763,277.0
600,6006.5303,5822.0
601,6452.095,429564.0
602,2921.7334,560.0
603,6452.055,33553.0
604,4144.3535,77.0
605,5434.5117,225.0
606,5253.758,173.0
607,6345.5986,1564.0
608,4244.3745,1453.0
609,6451.0137,3047.0
610,6451.4854,55073.0
611,6450.0215,11759.0
612,6342.6436,8611.0
613,6452.1426,2294.0
614,6452.1426,3686.0
615,6436.9023,2879.0
616,6045.461,65382.0
617,6445.2305,101064.0
618,6387.577,69280.0
619,2661.6428,3653.0
620,2768.995,520.0
621,5137.2954,3775.0
622,6451.3643,3804558.0
623,6452.142,10330.0
624,6452.081,59518.0
625,6451.9,202003.0
626,1888.1097,163.0
627,6452.1416,82384.0
628,6452.1406,69429.0
629,6452.1426,3869.0
630,6452.063,3348283.0
631,1687.2888,7699.0
632,4790.746,372.0
633,5404.088,3642.0
634,6173.9644,628600.0
635,5828.5625,68907.0
636,6450.529,10591.0
637,6224.577,33867.0
638,6452.0903,996554.0
639,4210.685,1064.0
640,6022.7485,13756.0
641,6452.1426,2684567.0
642,5411.2065,220.0
643,5860.8906,362654.0
644,6452.075,60170.0
645,6174.1143,66110.0
646,6437.5347,216290.0
647,5322.675,1531.0
648,5812.7427,1819.0
649,5253.61,87736.0
650,4022.289,744.0
651,6040.455,613.0
652,6377.625,4430.0
653,6410.5405,538418.0
654,6449.0264,63402.0
655,4723.891,6161.0
656,4892.541,224.0
657,2883.5671,134.0
658,6328.8296,4671.0
659,6166.3804,40920.0
660,6294.166,91727.0
661,4017.0264,4430.0
662,5506.7725,9500.0
663,6452.1426,17.0
664,6452.029,22743.0
665,3786.2615,49347.0
666,4824.573,34452.0
667,6203.3174,3491.0
668,5655.9404,1744.0
669,4720.1157,1550.0
670,6452.0376,48859.0
671,6452.1426,7027.0
672,5856.078,4282.0
673,4256.3066,1819.0
674,6452.1426,207057.0
675,6359.124,5237.0
676,3196.5916,309.0
677,6451.0825,17591.0
678,5724.2188,9224.0
679,4409.772,90.0
680,5238.829,11545.0
681,5583.874,3343.0
682,6451.838,211128.0
683,6402.487,10872.0
684,6427.71,509139.0
685,6452.1294,26391.0
686,2668.9573,271.0
687,6397.892,55757.0
688,6434.4795,2829.0
689,6341.611,30767.0
690,6321.3384,295.0
691,6057.2896,605.0
692,6091.575,527.0
693,6445.158,9989.0
694,5229.68,946.0
695,6347.7007,2655.0
696,6443.504,712.0
697,5717.5806,3134.0
698,5411.7085,2566.0
699,5011.543,3461.0
700,4983.5635,1041.0
701,1694.7764,298.0
702,5341.268,3448.0
703,6452.0645,4890.0
704,6439.8584,14815.0
705,5070.8174,1531.0
706,4252.055,589.0
707,4012.6973,579.0
708,6452.0957,986.0
709,6149.777,6321.0
710,6218.0737,51.0
711,2794.109,2079.0
712,3710.546,2232.0
713,5143.185,452.0
714,6204.791,1048.0
715,4695.2856,8363.0
716,6252.726,48548.0
717,4005.0618,5713.0
718,5219.505,4888.0
719,5549.164,424.0
720,6452.1426,590554.0
721,6433.3784,1119.0
722,6434.1177,132671.0
723,5609.8936,8988.0
724,5966.3643,2560.0
725,6451.623,7961.0
726,6452.107,317705.0
727,6437.289,245078.0
728,5020.9463,2850.0
729,6369.32,21501.0
730,6447.7236,57482.0
731,6452.142,36590.0
732,6158.6367,18284.0
733,6083.056,1402.0
734,3866.7478,1419.0
735,5328.6606,2538.0
736,6451.8867,23341.0
737,6452.1426,25836.0
738,6451.9287,71854200.0
739,6427.797,32851.0
740,5330.6953,249748.0
741,6396.3496,4063293.0
742,6452.1426,156906.0
743,4852.575,664.0
744,5547.77,627.0
745,3867.131,290.0
746,6452.1426,19119.0
747,6228.2607,14744.0
748,6451.9106,43079.0
749,6319.0835,1076.0
750,4928.5024,71.0
751,4090.53,250.0
752,3604.5862,2417.0
753,6452.132,43263.0
754,6451.848,22762.0
755,6452.1426,345038.0
756,5333.1025,18266.0
757,6437.634,49173.0
758,5966.805,29594.0
759,6315.7617,269340.0
760,6427.293,48491.0
761,6442.9473,23637.0
762,6152.43,40804.0
763,6452.1416,72111.0
764,6118.4897,49774.0
765,6452.1377,26983.0
766,6072.9927,371000000.0
767,6452.1323,1759.0
768,5138.437,2484.0
769,5428.551,8904.0
770,6452.1426,154721.0
771,2238.9941,515.0
772,6452.1426,8862.0
773,6274.368,1013.0
774,2389.377,323.0
775,2929.9365,1252.0
776,3130.9333,284.0
777,3006.9097,91.0
778,1987.6393,59.0
779,658.8291,170.0
780,6405.3906,6323.0
781,4717.7437,265.0
782,1234.664,126.0
783,6452.1426,17178.0
784,2453.294,240.0
785,6273.0977,2812.0
786,6452.0747,15702.0
787,4973.864,710.0
788,5914.968,3099.0
789,2579.3792,531.0
790,5399.035,5356.0
791,5650.0347,3688.0
792,2263.5386,1517.0
793,6094.0728,173318.0
794,6451.7935,9318.0
795,5980.183,9329.0
796,6084.8027,3884.0
797,6337.34,503.0
798,4233.171,166.0
799,4829.4414,2024.0
800,3508.3499,550.0
801,6094.8257,1367.0
802,6354.009,2236.0
803,6452.0864,23500000.0
804,6450.892,1280.0
805,6231.9526,11022.0
806,5942.8896,997.0
807,6402.7715,2048.0
808,6451.7227,887.0
809,5679.398,575.0
810,6451.1,147459.0
811,2424.1968,584.0
812,6348.4663,356563.0
813,6452.1426,1606000.0
814,6451.621,22945.0
815,6452.135,304580.0
816,6452.139,167564.0
817,6447.8867,124354.0
818,5623.409,304.0
819,3933.4124,163.0
820,3621.0046,766.0
821,6452.113,100097.0
822,6451.69,52385.0
823,6452.1426,314322.0
824,6452.131,74520.0
825,6427.097,112488.0
826,6452.095,24014.0
827,6452.1304,70436.0
828,6418.7324,58965.0
829,1904.3877,1255.0
830,5901.775,15285.0
831,3863.9453,29169.0
832,4498.5957,733.0
833,6423.412,28633.0
834,6451.384,176683.0
835,4934.838,524004.0
836,6422.0625,1638.0
837,6394.7305,50643.0
838,4951.759,178370.0
839,6451.5894,32929.0
840,6452.1416,189476.0
841,6439.7466,1094.0
842,6432.824,30602.0
843,5303.711,6292.0
844,6064.149,1344.0
845,6451.978,41437.0
846,5545.0854,332.0
847,6387.6685,699.0
848,6450.4854,141853.0
849,5846.7573,1905.0
850,6451.971,23892.0
851,6222.4463,1250.0
852,6451.572,20460.0
853,6442.008,13580.0
854,6452.13,12134.0
855,6451.9224,175.0
856,6434.697,8887.0
857,3332.6372,3133.0
858,6452.111,5075.0
859,3070.856,4799.0
860,4200.574,1573.0
861,5593.211,5516.0
862,5561.8936,4530.0
863,4858.54,3162.0
864,3569.772,551.0
865,5372.005,249.0
866,6451.6147,10777.0
867,6451.2393,870.0
868,2194.966,2364.0
869,824.33093,141.0
870,6451.973,9796.0
871,6452.1426,44103.0
872,2676.465,1136.0
873,6448.3584,870.0
874,3868.0825,1399.0
875,3489.134,141.0
876,4466.506,456.0
877,4457.578,560.0
878,1881.019,1578.0
879,5825.067,4948.0
880,3887.9287,1208.0
881,6284.7637,165.0
882,6451.8716,1083.0
883,6452.141,1543.0
884,4671.182,791.0
885,5910.412,2666.0
886,6452.1426,590580.0
887,6198.1655,342106.0
888,6444.1255,145836.0
889,2084.9937,2952.0
890,6452.1426,21806.0
891,6225.6577,20539.0
892,6311.027,4176.0
893,5444.351,2035.0
894,5978.9785,1574.0
895,6056.5464,2470.0
896,6451.397,190109.0
897,6370.9536,2534.0
898,4795.4424,849.0
899,6089.9116,598.0
900,6452.0127,2251.0
901,6452.0034,27251.0
902,6404.254,1029.0
903,6008.614,233.0
904,4766.1333,6822.0
905,4929.547,9613.0
906,6441.365,412.0
907,6451.6187,2747.0
908,4670.848,2474.0
909,3063.4868,325.0
910,2501.8174,5184.0
911,4211.4004,2085.0
912,5831.2593,11224.0
913,6451.6084,399197.0
914,3068.2183,202.0
915,2771.0835,263.0
916,2433.7903,137.0
917,5580.1562,809.0
918,6431.0264,463512.0
919,3899.906,2702.0
920,6451.451,11634.0
921,3760.4385,819.0
922,4296.7876,152.0
923,6003.9263,608.0
924,6451.977,23501.0
925,5676.2705,556.0
926,5687.817,657.0
927,5102.455,780.0
928,6423.882,357.0
929,2875.92,1131.0
930,3408.135,112.0
931,3301.4277,5150.0
932,4622.259,620.0
933,5657.122,15344447.0
934,5416.328,189.0
935,6452.1426,239257.0
936,6342.0063,45521.0
937,5961.193,680.0
938,6284.437,39825.0
939,6404.583,515.0
940,2140.6997,331.0
941,3162.2908,3729.0
942,6451.8906,2754.0
943,6344.9634,9517.0
944,6206.229,1015.0
945,6451.931,76699.0
946,6320.525,28212.0
947,6104.95,11190.0
948,6435.7637,43423.0
949,3927.3076,1655.0
950,6446.9224,999.0
951,5096.985,2681.0
952,6298.9355,150.0
953,5378.025,70879.0
954,3824.2642,7338.0
955,3512.511,8318.0
956,6388.0205,1968.0
957,6452.1304,24350.0
958,2571.0393,1057.0
959,4365.418,2044.0
960,1261.5144,1529.0
961,6437.987,6914.0
962,6198.3467,478.0
963,6451.9316,3161.0
964,2945.606,2717.0
965,3477.7903,648.0
966,6452.0215,229857.0
967,6452.1426,29576.0
968,6445.4736,18925.0
969,6450.8677,9867.0
970,6397.733,583284.0
971,5086.6777,5323.0
972,5974.5557,7835.0
973,5845.7534,13032.0
974,6349.4507,7190.0
975,6450.168,3420.0
976,4727.9663,25276.0
977,5964.9453,596.0
978,6398.774,2809.0
979,5922.708,717.0
980,6428.64,3892.0
981,6451.4844,5828.0
982,3674.3188,803.0
983,3908.5981,168.0
984,6452.1377,196037.0
985,6444.271,218780.0
986,5403.6753,68537.0
987,4587.971,2278.0
988,6372.915,1643.0
989,3816.8748,778.0
990,6452.1426,975453.0
991,6452.1426,18347.0
992,6452.1426,6133.0
993,6157.13,17878.0
994,6452.1094,108576.0
995,5219.012,432.0
996,6201.533,92961.0
997,6409.44,1700000.0
998,5735.308,161451.0
999,6442.342,4523.0
1000,6446.9106,2279.0
1001,6415.9277,13437.0
1002,6248.795,418241.0
1003,6388.4404,47575.0
1004,6227.072,231797.0
1005,6259.7305,27852.0
1006,6345.3687,2857.0
1007,6342.713,5547.0
1008,2886.875,717.0
1009,6430.3887,101990.0
1010,6435.605,2058.0
1011,6437.637,2158.0
1012,4515.0977,1051.0
1013,6452.1426,39319.0
1014,6451.969,15916.0
1015,6450.882,267918.0
1016,3713.9553,2008.0
1017,6430.503,11825.0
1018,6067.257,210458.0
1019,6452.135,11000.0
1020,6452.1426,49884.0
1021,6452.1426,198395.0
1022,6438.2104,281396.0
1023,6309.9595,76677.0
1024,6347.9043,815.0
1025,6452.1426,373234.0
1026,2654.487,17129.0
1027,6452.142,16307.0
1028,5286.0967,3602.0
1029,5042.9346,1298.0
1030,4664.9434,1249.0
1031,2697.0076,1873.0
1032,4493.9707,5201.0
1033,4261.6973,7708.0
1034,6451.9775,19607.0
1035,6445.5835,24870.0
1036,6451.407,7170.0
1037,5548.061,1293.0
1038,6452.101,1729.0
1039,4103.6406,895.0
1040,6304.2993,4376.0
1041,6451.9985,6119.0
1042,3277.1516,1565.0
1043,4723.269,2008.0
1044,6452.119,1259.0
1045,5039.4526,2065.0
1046,3408.1443,969.0
1047,4814.953,2520.0
1048,3215.4856,434.0
1049,5143.9033,467.0
1050,1735.511,300.0
1051,6451.5234,14306.0
1052,6451.9834,637411.0
1053,5968.8877,2991.0
1054,6202.2896,211.0
1055,3738.8777,3467.0
1056,3489.8245,1348.0
1057,4597.17,194.0
1058,3802.039,335.0
1059,6271.0186,192.0
1060,3062.497,88.0
1061,6451.546,66959.0
1062,6452.0796,97483.0
1063,6452.1426,108715.0
1064,5928.9644,25207.0
1065,6448.913,6102.0
1066,6272.0405,320.0
1067,6451.4824,31569.0
1068,6452.142,247912.0
1069,6452.1426,22119.0
1070,6450.858,34292.0
1071,6451.835,25740.0
1072,6452.0005,23591.0
1073,6449.468,7950.0
1074,6421.6504,5035.0
1075,6050.996,2798.0
1076,6444.9365,14852.0
1077,5090.3916,2311.0
1078,6452.0444,144800.0
1079,6330.212,45250.0
1080,5418.851,897.0
1081,6425.0503,7008.0
1082,6299.6074,81682.0
1083,5334.702,9278.0
1084,6436.089,22009.0
1085,6431.965,64173.0
1086,6448.666,99956.0
1087,6450.654,27797.0
1088,5961.018,83.0
1089,4303.0083,2710.0
1090,4669.3184,76905.0
1091,6109.4497,14855.0
1092,6451.9365,95809.0
1093,6428.7256,633.0
1094,6069.7144,733.0
1095,6115.0938,580.0
1096,5075.6724,722.0
1097,4367.5586,848.0
1098,6281.999,4755.0
1099,5687.4126,300.0
1100,5837.652,205.0
1101,6438.6646,10729.0
1102,6010.424,474.0
1103,6440.3057,896.0
1104,6450.8296,58633.0
1105,4777.225,562.0
1106,6438.3003,372.0
1107,4429.147,3533.0
1108,5198.421,1932.0
1109,6275.07,4194.0
1110,5577.5615,1553.0
1111,6374.6885,5358.0
1112,3269.5515,1680.0
1113,3588.1133,1436.0
1114,6260.9395,626.0
1115,5864.003,5548.0
1116,5534.797,2837.0
1117,4918.1597,1675.0
1118,6315.804,1475.0
1119,5306.093,580.0
1120,3815.4658,1266.0
1121,5890.1616,1027.0
1122,4958.0747,737.0
1123,1807.9813,621.0
1124,5568.6753,9005.0
1125,6111.299,1059.0
1126,6448.4473,9255.0
1127,4667.5903,5466.0
1128,5280.411,7313.0
1129,6432.3687,2157.0
1130,6442.446,3302.0
1131,6451.9424,64858.0
1132,2825.9734,7669.0
1133,5127.9414,2977.0
1134,6449.0757,61186.0
1135,3573.3994,851.0
1136,6451.879,22675.0
1137,6414.413,47124.0
1138,6442.673,43034.0
1139,2133.555,699.0
1140,6450.6304,22339.0
1141,6452.142,66969.0
1142,6452.1426,73712.0
1143,5746.7295,571.0
1144,6451.4487,246603.0
1145,6451.134,9126.0
1146,3623.7026,1358.0
1147,6398.78,252749.0
1148,6452.134,192840.0
1149,4213.4517,4632.0
1150,4038.413,4445.0
1151,6117.218,1763.0
1152,6088.534,4671.0
1153,5951.868,4294.0
1154,5482.1597,7609.0
1155,6283.3604,675.0
1156,6436.0337,405.0
1157,4939.411,214.0
1158,6085.5615,17941.0
1159,6357.6836,427.0
1160,1183.5099,427.0
1161,6451.63,115301.0
1162,6451.456,1393575.0
1163,6434.0454,54248.0
1164,6452.134,27894.0
1165,4702.497,3878.0
1166,6003.6562,20499.0
1167,4601.028,16479.0
1168,3361.7617,1993.0
1169,2606.752,3216.0
1170,6339.587,443.0
1171,5513.8384,4227.0
1172,4732.817,1626.0
1173,6210.621,2553.0
1174,4631.0605,4571.0
1175,6451.5566,5762.0
1176,6450.2793,844.0
1177,4614.6343,13042.0
1178,6203.8213,301.0
1179,6449.8984,41389.0
1180,6443.5796,140.0
1181,6390.4614,6766.0
1182,3224.2827,916.0
1183,5737.6523,6014.0
1184,6074.4043,9248.0
1185,6278.929,18911.0
1186,6452.036,10465994.0
1187,6039.091,860.0
1188,4219.341,431.0
1189,4186.6304,626.0
1190,5523.161,475.0
1191,6443.7417,12305.0
1192,6303.9644,5064.0
1193,6147.1807,8425.0
1194,6451.658,3424.0
1195,5228.703,2731.0
1196,6444.018,1789.0
1197,2405.6504,1158.0
1198,6326.0864,23570.0
1199,5674.558,5487.0
1200,5860.657,18366.0
1201,6087.2715,9309.0
1202,4235.76,2945.0
1203,6253.3945,2214.0
1204,4471.813,963.0
1205,4739.4644,9860.0
1206,5945.466,12650.0
1207,6401.0767,42509.0
1208,6452.14,191275.0
1209,6351.1494,6502.0
1210,6451.7437,8695.0
1211,6375.5996,15358.0
1212,6278.6655,51534.0
1213,5714.8555,30843.0
1214,4958.2695,4505.0
1215,6448.952,94076.0
1216,3765.9087,12608.0
1217,6396.0254,6306.0
1218,5952.072,31258.0
1219,6447.8794,167757.0
1220,5822.333,11248.0
1221,6211.8726,3779.0
1222,6422.01,518.0
1223,6425.3457,17438.0
1224,6295.162,12776.0
1225,6234.1646,2274.0
1226,5167.324,2333.0
1227,6421.5425,136831.0
1228,6452.1426,475843.0
1229,5440.0996,1827.0
1230,2136.7654,2389.0
1231,6244.8135,5274.0
1232,6299.7056,4296.0
1233,6436.5215,345.0
1234,4515.7407,884.0
1235,6451.446,4731.0
1236,6451.9023,194319.0
1237,6406.111,4325.0
1238,4911.766,8709.0
1239,4286.412,754.0
1240,1354.2832,5240.0
1241,2792.626,4744.0
1242,5165.7617,4471.0
1243,5211.481,1875.0
1244,5658.281,214.0
1245,5928.357,7892.0
1246,5261.8228,24956.0
1247,4756.6567,7754.0
1248,5177.5835,1700.0
1249,4521.138,3045.0
1250,3646.7317,171.0
1251,2875.4539,17.0
1252,6441.038,220.0
1253,5591.4214,3380.0
1254,5123.0728,4101.0
1255,6316.7256,9505.0
1256,6315.5205,25399.0
1257,6446.1377,113475.0
1258,6383.5674,146324.0
1259,5920.5986,12189.0
1260,5641.7295,21397.0
1261,6133.6943,11880.0
1262,6451.624,1563.0
1263,6451.6274,37327376.0
1264,4480.4937,3222.0
1265,6447.923,82802.0
1266,6074.873,9160.0
1267,6425.6562,39965.0
1268,6441.372,281029.0
1269,6442.924,1670.0
1270,6452.1396,8442.0
1271,5753.1646,29.0
1272,5206.31,7.0
1273,5688.0166,61.0
1274,6447.7456,2869.0
1275,6452.1294,151468.0
1276,4869.557,3273.0
1277,5848.836,14115.0
1278,5746.563,13071.0
1279,6452.094,22339.0
1280,6451.5693,230473.0
1281,6451.915,101920.0
1282,6452.1426,19503.0
1283,6402.275,20265.0
1284,6452.1426,77320.0
1285,6436.053,35572.0
1286,6429.9995,23452.0
1287,4922.387,33252.0
1288,6424.752,64681.0
1289,6424.823,50938.0
1290,6440.903,10709.0
1291,5369.2397,35682.0
1292,6452.1426,523643.0
1293,6436.145,7027.0
1294,6452.0747,6424.0
1295,4713.051,25728.0
1296,6452.124,1781.0
1297,6452.1426,163221.0
1298,6245.903,67990.0
1299,6452.0024,2200.0
1300,6452.1333,767500.0
1301,6452.1235,10898.0
1302,5938.7026,76817.0
1303,6437.837,253451.0
1304,6396.6865,25165.0
1305,5687.7935,23526.0
1306,5300.6235,3103.0
1307,6452.1377,15829.0
1308,6451.8555,29654.0
1309,6432.49,141994.0
1310,6452.1426,14910.0
1311,6268.0874,21329.0
1312,6447.1245,64786.0
1313,5144.552,2279.0
1314,6270.1133,196399.0
1315,6449.415,14194.0
1316,6452.1426,68062.0
1317,2575.5393,2072.0
1318,6404.771,3116.0
1319,6444.294,23039.0
1320,6442.214,14282.0
1321,6450.2124,116398.0
1322,6014.4233,717.0
1323,5536.7163,39327.0
1324,6452.1426,9127.0
1325,6398.181,1890.0
1326,6264.027,10257.0
1327,6451.7847,29964.0
1328,6439.197,34858.0
1329,5586.2773,36116.0
1330,6452.127,11472.0
1331,6450.8535,22719.0
1332,5876.4805,4020.0
1333,1192.1304,4338.0
1334,5381.254,3926.0
1335,6423.9077,949.0
1336,6414.8135,16178.0
1337,2292.3232,1045.0
1338,6452.0957,46880.0
1339,6451.634,21566.0
1340,5070.6987,1014.0
1341,6434.811,90988.0
1342,6451.018,14304.0
1343,6452.1426,30918.0
1344,6096.3037,21565.0
1345,6264.202,16828.0
1346,6452.1426,929048.0
1347,6452.139,8400.0
1348,4645.262,1126.0
1349,4088.6184,6942.0
1350,6329.123,3100.0
1351,6451.8677,16686.0
1352,6448.408,170115.0
1353,6394.6567,157399.0
1354,5998.4175,5801.0
1355,6451.8604,6301.0
1356,6443.207,12841.0
1357,6249.7417,44122.0
1358,6211.817,13192.0
1359,6246.0356,15333.0
1360,6435.342,16379.0
1361,6337.091,55235.0
1362,6452.1426,23597.0
1363,6443.3467,12055.0
1364,6451.042,1437.0
1365,6448.3574,10251.0
1366,6440.4463,11336.0
1367,6444.996,42463.0
1368,4589.813,2773.0
1369,6452.141,2434.0
1370,5328.124,7712.0
1371,6371.2603,1422.0
1372,5322.594,7516.0
1373,3261.7278,2950.0
1374,5079.1323,4921.0
1375,6451.5474,208206.0
1376,5255.0938,6266.0
1377,5736.5527,3500.0
1378,6443.5845,26161.0
1379,6452.0366,124987.0
1380,6361.5503,15128.0
1381,6452.1426,31107.0
1382,6451.9604,434767.0
1383,6452.1426,69053.0
1384,6452.1426,6456.0
1385,6372.9985,86086.0
1386,5401.474,9403.0
1387,4382.5293,2643.0
1388,5259.673,3383.0
1389,6441.697,6209.0
1390,4356.381,47153.0
1391,6452.1426,6668.0
1392,5779.0317,1015.0
1393,6264.162,1236.0
1394,6451.6475,4745.0
1395,3030.822,546.0
1396,6420.287,52285.0
1397,6414.143,867.0
1398,5698.7026,20644.0
1399,6359.5454,84509.0
1400,5724.935,1815.0
1401,2681.3591,3650.0
1402,6452.092,46634.0
1403,6450.0093,88845.0
1404,6452.141,108365.0
1405,6449.6377,146950.0
1406,6450.5635,15406.0
1407,3270.4268,669.0
1408,6452.1367,32660.0
1409,6444.4683,6351.0
1410,4746.2886,512.0
1411,6452.0283,56530.0
1412,6451.63,12836.0
1413,2729.6338,110.0
1414,5221.6973,34137.0
1415,6448.1514,132739.0
1416,6451.858,56650.0
1417,6452.096,61984.0
1418,6001.6636,21213.0
1419,6452.0513,13362.0
1420,6451.505,7869.0
1421,5724.0127,18224.0
1422,5338.2476,22727.0
1423,6452.1265,15878.0
1424,6140.624,52471.0
1425,5194.549,24146.0
1426,6418.739,61049.0
1427,6435.1875,38002.0
1428,6356.2314,14240.0
1429,3451.2747,2282.0
1430,5716.556,73917.0
1431,3524.3914,4023.0
1432,6408.5005,1289.0
1433,6191.776,6138.0
1434,6452.1426,16650.0
1435,6345.9146,5414.0
1436,6272.7695,17687.0
1437,6188.792,4546.0
1438,2247.94,2613.0
1439,5374.451,1605.0
1440,6449.96,29178.0
1441,6436.985,5888.0
1442,6089.328,969820.0
1443,6451.786,29210.0
1444,6451.642,5595.0
1445,4598.5127,866.0
1446,3912.644,2882.0
1447,6436.1646,22640.0
1448,5978.6523,95093.0
1449,6449.871,63907.0
1450,6452.1426,65373.0
1451,6181.8857,25627.0
1452,5698.5137,4463.0
1453,6165.504,22951.0
1454,6433.0117,46419.0
1455,6450.0483,242333.0
1456,5723.232,20857.0
1457,6142.908,7277.0
1458,6450.8125,36791.0
1459,4971.715,42304.0
1460,6452.1367,44961.0
1461,4774.279,3465.0
1462,4744.028,38940.0
1463,6452.08,34820.0
1464,6452.076,15984.0
1465,5629.6333,8672.0
1466,6444.795,11406.0
1467,5613.101,13390.0
1468,6444.8193,57246.0
1469,5326.532,632.0
1470,6407.4277,1763.0
1471,6452.1226,100896.0
1472,6448.4434,14201.0
1473,6442.658,1960.0
1474,6365.785,8245.0
1475,6451.4756,60084.0
1476,6450.901,1345.0
1477,4481.044,346.0
1478,4003.4692,1360.0
1479,4360.5786,1592.0
1480,4887.655,4050.0
1481,6410.426,95192.0
1482,6186.561,3049.0
1483,6451.0796,40678.0
1484,6418.2603,19773.0
1485,2946.2454,1338.0
1486,5300.477,2030.0
1487,6231.18,2887.0
1488,6450.0547,62426.0
1489,5471.893,1796.0
1490,6391.9023,20091.0
1491,6021.3584,119829.0
1492,5306.849,652.0
1493,1599.0756,3593.0
1494,5559.853,11622.0
1495,5940.6426,2098.0
1496,5391.7715,922.0
1497,4772.036,8619.0
1498,6436.981,154065.0
1499,6375.4106,114.0
1500,6452.1396,183046.0
1501,6452.142,175396.0
1502,6258.881,4974.0
1503,4651.507,15682.0
1504,6445.4717,10510.0
1505,6383.847,18269.0
1506,4341.2637,957.0
1507,6401.1816,64097.0
1508,4006.731,2102.0
1509,6448.1694,61931.0
1510,6445.3867,17069.0
1511,6414.0464,31890.0
1512,5896.9146,12369.0
1513,5158.853,3839.0
1514,5989.6865,7834.0
1515,6434.711,15101.0
1516,6257.1396,16076.0
1517,6419.501,3431.0
1518,5085.977,547.0
1519,6432.085,4053.0
1520,4294.078,1196.0
1521,5604.7246,2218.0
1522,6115.454,13923.0
1523,5459.2783,2687.0
1524,6448.044,6272.0
1525,5936.662,5285.0
1526,6389.758,1637.0
1527,6086.6797,11770.0
1528,5414.3066,1961.0
1529,6380.038,11092.0
1530,5971.552,967.0
1531,6447.249,12453.0
1532,5110.681,960.0
1533,5805.6777,180599.0
1534,4578.092,1157.0
1535,3642.6284,1486.0
1536,6162.675,20554.0
1537,5075.415,1479.0
1538,2725.1084,914.0
1539,5865.5176,1389.0
1540,6059.9165,4158.0
1541,3950.5493,888.0
1542,6420.547,751.0
1543,6448.114,2695.0
1544,3243.9739,3916.0
1545,6445.7334,1556.0
1546,5249.9204,3763.0
1547,5399.4443,6908.0
1548,6412.138,160.0
1549,5489.476,1696.0
1550,6452.1426,179318.0
1551,6117.2925,48116.0
1552,5609.848,3190.0
1553,4707.9556,3347.0
1554,5416.2026,192.0
1555,4237.335,92.0
1556,5533.953,9779.0
1557,6160.425,5681.0
1558,6354.252,191.0
1559,6451.294,120796.0
1560,6424.1475,6227.0
1561,5558.9033,15744.0
1562,5634.053,12521.0
1563,4531.9746,3151.0
1564,5680.261,1261.0
1565,6304.622,10027.0
1566,6450.34,3483.0
1567,6368.078,736.0
1568,6452.047,1155.0
1569,5867.9023,1024.0
1570,5261.704,3170.0
1571,5365.5996,2181.0
1572,4457.582,1122.0
1573,5936.076,583.0
1574,6280.0107,77750.0
1575,6435.1924,1703.0
1576,4654.7437,2865.0
1577,4257.662,2479.0
1578,6312.0586,234.0
1579,5880.623,55.0
1580,5879.409,1000.0
1581,6450.966,1268.0
1582,6105.9243,405.0
1583,5612.186,10934.0
1584,5767.466,2829.0
1585,5371.511,827.0
1586,6048.9644,5863.0
1587,6452.1426,187157.0
1588,2982.4978,165.0
1589,6274.2524,2151.0
1590,5924.784,182760.0
1591,5551.6733,460.0
1592,6010.446,730.0
1593,4651.8486,535.0
1594,5460.4307,4556.0
1595,6407.0327,570816.0
1596,6438.674,24706320.0
1597,2324.0977,239.0
1598,6439.4487,8344.0
1599,5048.7827,810.0
1600,2519.268,220.0
1601,4903.8804,265.0
1602,4729.714,276.0
1603,6405.9443,1279.0
1604,4785.4014,1064.0
1605,4166.9946,9863.0
1606,6240.7554,935.0
1607,5058.212,2044.0
1608,6252.13,214542.0
1609,2864.6274,1226.0
1610,2774.8792,3492.0
1611,5372.0806,4413.0
1612,5870.069,719.0
1613,5721.8467,1906.0
1614,3341.0645,1261.0
1615,4619.2754,733.0
1616,4505.2563,1106.0
1617,5339.24,3166.0
1618,6143.763,17059.0
1619,5544.0464,3371.0
1620,5650.116,1841.0
1621,5466.9443,4961.0
1622,6061.6724,1225.0
1623,6449.7393,140289.0
1624,6450.89,47109.0
1625,6451.9043,146719.0
1626,5417.776,41.0
1627,6430.958,41186.0
1628,3676.894,243.0
1629,6452.1426,28495.0
1630,5903.9385,2786.0
1631,5828.6714,9073.0
1632,5423.8945,2464.0
1633,6143.404,1094.0
1634,5211.277,706.0
1635,6306.2075,847.0
1636,6307.989,7059.0
1637,5803.661,6179.0
1638,4366.434,1201.0
1639,6417.964,537.0
1640,6447.5664,4728.0
1641,5485.288,802.0
1642,4622.724,1663.0
1643,2503.4165,2160.0
1644,119.957146,271.0
1645,4835.4546,2574.0
1646,6392.0176,313.0
1647,5402.217,2224.0
1648,2260.4824,110.0
1649,5958.796,1677.0
1650,5774.5015,8004.0
1651,5949.224,1927.0
1652,6451.746,7573.0
1653,1818.4121,2239.0
1654,5538.9946,5288.0
1655,5976.564,4153.0
1656,2082.2173,4892.0
1657,4249.3037,12470.0
1658,6302.578,3038.0
1659,6452.142,92765.0
1660,6290.1484,356119.0
1661,5913.513,10235.0
1662,5958.7466,13656.0
1663,979.898,760.0
1664,1225.622,1461.0
1665,4786.603,1403.0
1666,2725.0356,4920.0
1667,5825.3906,4099.0
1668,2217.0237,1593.0
1669,3253.7034,2410.0
1670,2623.9045,529.0
1671,5138.45,783.0
1672,4985.87,906.0
1673,4985.0947,3799.0
1674,5357.9165,1115.0
1675,3819.3652,3696.0
1676,6079.196,952.0
1677,6430.902,9182.0
1678,6425.226,498.0
1679,6048.6846,4962.0
1680,4478.227,4232.0
1681,3655.9724,826.0
1682,6298.9453,13588.0
1683,4212.7417,7896.0
1684,6448.4985,86656.0
1685,6452.127,2609282.0
1686,4164.8438,8554.0
1687,6378.4033,27375.0
1688,5354.672,484.0
1689,6452.13,41791.0
1690,6452.1426,222323.0
1691,6198.485,1851.0
1692,5346.6206,1295.0
1693,4625.2817,556.0
1694,6452.103,98650.0
1695,4280.24,174.0
1696,6440.363,4165626.0
1697,2722.4976,1993.0
1698,3530.81,256.0
1699,6387.6924,186925.0
1700,6045.6006,5374.0
1701,6446.8594,5715.0
1702,3987.6465,98.0
1703,4814.7505,47.0
1704,4420.897,1528.0
1705,6448.17,10700000.0
1706,6353.886,659.0
1707,6452.0474,53053.0
1708,6449.3135,10507.0
1709,6378.369,3057.0
1710,6017.5273,20324.0
1711,6450.7363,1463.0
1712,5933.9526,1533.0
1713,6136.928,1778.0
1714,4282.4204,1306.0
1715,6449.9478,6577.0
1716,4844.923,205.0
1717,6171.419,70559.0
1718,5196.3135,872.0
1719,6448.181,15243.0
1720,3143.5012,45.0
1721,4680.9307,81.0
1722,3101.2078,1431.0
1723,2949.3818,417.0
1724,6452.142,85930.0
1725,6350.031,19897.0
1726,4823.7705,1189.0
1727,5624.9966,1682.0
1728,2891.2197,918.0
1729,4939.6753,765.0
1730,6311.6733,652.0
1731,6452.142,168253.0
1732,5565.134,1216.0
1733,6438.1543,139671.0
1734,5890.5425,1516.0
1735,6349.4326,165930.0
1736,3511.58,760.0
1737,4276.3823,97.0
1738,6287.467,289.0
1739,5840.66,881.0
1740,6440.2197,491.0
1741,6421.613,739.0
1742,6452.1426,29799.0
1743,6116.1997,187.0
1744,6451.631,176139.0
1745,3863.3235,624.0
1746,5538.2095,763.0
1747,5446.2417,2622.0
1748,6452.032,33000.0
1749,5274.4126,2903.0
1750,5040.939,754.0
1751,5549.705,26.0
1752,6451.844,96478.0
1753,3786.8638,341.0
1754,6132.261,272.0
1755,6106.348,1870.0
1756,4899.372,67.0
1757,6450.8213,21283.0
1758,6325.6787,17548.0
1759,6452.1426,708127.0
1760,5379.7314,10950.0
1761,6450.856,16430.0
1762,6333.119,86209.0
1763,5581.957,284.0
1764,6370.9653,60621.0
1765,6452.1426,26338.0
1766,6444.0376,39904.0
1767,6452.0747,74425.0
1768,6452.107,23030.0
1769,6111.653,178658.0
1770,6424.0522,1093.0
1771,1318.7245,1332.0
1772,2622.954,3905.0
1773,6452.1416,30442.0
1774,6451.9346,313375.0
1775,6443.269,242.0
1776,5809.1094,92.0
1777,6231.251,76665.0
1778,6447.794,1999.0
1779,3236.9956,236.0
1780,3838.9402,748.0
1781,3154.1494,5580.0
1782,5767.2227,727.0
1783,2322.8853,4396.0
1784,3119.893,343.0
1785,1281.4712,1349.0
1786,6419.725,13146.0
1787,5335.7085,80.0
1788,6448.388,20280.0
1789,6452.1426,1460665.0
1790,4275.4995,264.0
1791,5973.3687,2159.0
1792,6438.486,5105.0
1793,5490.345,4844.0
1794,3493.0059,5837.0
1795,4993.695,6.0
1796,3671.9946,239.0
1797,6447.374,752.0
1798,5877.717,555933.0
1799,6386.8022,95.0
1800,6452.138,27208.0
1801,1630.2852,819.0
1802,4019.1504,160.0
1803,5400.323,112.0
1804,6395.729,216.0
1805,3430.5276,382.0
1806,6077.6704,88.0
1807,2105.8967,2312.0
1808,6445.774,8476.0
1809,2890.9285,1084.0
1810,3950.3977,1038.0
1811,5764.248,37004.0
1812,6443.074,5320.0
1813,6400.6704,4687.0
1814,4901.9746,214.0
1815,6442.1553,517000.0
1816,3369.7266,81.0
1817,6310.0303,27476.0
1818,6221.5337,839.0
1819,3802.0747,170.0
1820,6435.0,129885.0
1821,5689.607,296.0
1822,5141.1187,2571.0
1823,6354.204,117.0
1824,3081.2258,470.0
1825,6451.8735,3858.0
1826,4510.713,363.0
1827,5394.5103,1042.0
1828,6049.3613,205.0
1829,6146.2334,435.0
1830,3898.2612,516.0
1831,6425.887,44.0
1832,6424.311,3804.0
1833,4915.7354,158.0
1834,4958.5415,174.0
1835,6451.495,648897.0
1836,4374.5625,3348.0
1837,5517.2275,832.0
1838,5151.273,242.0
1839,6255.771,586.0
1840,3861.957,182.0
1841,6416.5845,21150.0
1842,6147.5127,39780.0
1843,4884.0947,934.0
1844,3622.3696,932.0
1845,4410.042,78.0
1846,6082.562,1679.0
1847,5776.754,1377.0
1848,6061.664,455.0
1849,4907.6904,256.0
1850,5541.326,2909.0
1851,3543.5176,438.0
1852,4283.2144,33.0
1853,6244.1562,41.0
1854,6328.2524,71641.0
1855,6451.919,11498.0
1856,6053.892,18639.0
1857,6451.367,50948.0
1858,6368.2847,5681.0
1859,5602.194,1988.0
1860,6065.541,512.0
1861,6168.4023,67.0
1862,6223.745,12136.0
1863,5580.503,6962.0
1864,4884.227,424.0
1865,5809.994,341.0
1866,6450.6323,16768.0
1867,3255.5156,296.0
1868,6431.9316,31.0
1869,6412.012,37654.0
1870,5683.203,3277.0
1871,5809.8936,7907.0
1872,2845.53,258.0
1873,5334.313,12240.0
1874,3951.1064,77.0
1875,5352.5107,299.0
1876,5327.028,1616.0
1877,6069.5625,37.0
1878,6444.377,37943.0
1879,6452.1167,289.0
1880,6412.2324,171.0
1881,6424.8022,606.0
1882,5503.1147,10465.0
1883,6133.057,25755.0
1884,3804.212,41151.0
1885,6451.453,115.0
1886,5809.774,19704.0
1887,6434.5425,158.0
1888,6435.389,184.0
1889,4125.6714,2234.0
1890,4605.035,465.0
1891,3941.6082,608.0
1892,6444.799,8459.0
1893,4369.372,7981.0
1894,6344.0464,360.0
1895,3006.2092,305.0
1896,6448.449,24191.0
1897,3529.712,264.0
1898,6319.199,21817.0
1899,2870.5708,597.0
1900,5580.469,596.0
1901,6452.1084,282123.0
1902,6316.4556,31218.0
1903,5534.0933,2590.0
1904,5927.8267,3427.0
1905,3377.074,142.0
1906,6451.862,97687.0
1907,5307.179,374.0
1908,2158.2615,3708.0
1909,6437.605,5051.0
1910,4844.0303,41567.0
1911,6452.0366,13368.0
1912,4185.398,280.0
1913,3629.553,638.0
1914,6064.0303,92.0
1915,4992.753,738.0
1916,3000.732,605.0
1917,6129.0806,72.0
1918,6135.0444,547.0
1919,5701.31,59481.0
1920,3915.0896,128.0
1921,5326.413,2051.0
1922,5791.5205,178.0
1923,6223.197,4773.0
1924,4771.966,2228.0
1925,4109.0933,64.0
1926,1382.2352,2292.0
1927,4848.37,307.0
1928,1351.0502,46.0
1929,4744.8125,77110.0
1930,5718.7397,20751.0
1931,6427.562,82127.0
1932,6047.8076,73.0
1933,6432.8887,39.0
1934,5611.361,10628.0
1935,6452.131,11450.0
1936,3041.9993,123.0
1937,6452.131,309660.0
1938,6452.131,1527.0
1939,4119.379,162.0
1940,6451.601,869.0
1941,6449.0947,50883.0
1942,4559.174,2554.0
1943,6394.3936,2676.0
1944,6451.9263,1481.0
1945,4167.2354,1168.0
1946,4464.6997,1946.0
1947,6139.188,3590.0
1948,6281.3154,2520.0
1949,6385.123,756.0
1950,6441.702,1170.0
1951,5508.5806,2019.0
1952,5872.052,7116.0
1953,6376.6904,8977.0
1954,6284.6494,2670.0
1955,6415.0273,3095.0
1956,3865.6506,2565.0
1957,5004.6406,170.0
1958,6440.2686,981.0
1959,6411.8276,2082.0
1960,4788.9253,4232.0
1961,5943.3213,680.0
1962,6295.993,206.0
1963,4615.814,3595.0
1964,6450.613,25274.0
1965,6451.242,192104.0
1966,5922.742,69810.0
1967,5199.466,17283.0
1968,5974.0215,5517.0
1969,6449.035,14247.0
1970,6446.58,20607.0
1971,3627.994,2383.0
1972,3818.4563,3458.0
1973,4665.402,688.0
1974,6201.5107,207.0
1975,2112.7249,3376.0
1976,5757.311,145.0
1977,1721.0004,2492.0
1978,3835.7947,2607.0
1979,5760.076,323.0
1980,6334.4355,512.0
1981,5145.5884,1091.0
1982,6376.794,113.0
1983,5810.756,2200.0
1984,6448.144,31574.0
1985,82.19881,232.0
1986,6446.996,5532.0
1987,3469.4023,188.0
1988,5566.1753,1776.0
1989,5175.4307,338.0
1990,3578.0137,158.0
1991,4658.687,1471.0
1992,6298.7837,502.0
1993,3691.8953,2412.0
1994,6015.467,2897.0
1995,4607.7812,802.0
1996,6449.6533,16156.0
1997,6452.1426,13880.0
1998,6452.142,23602.0
1999,5815.126,16433.0
2000,4860.4097,308.0
2001,6299.1543,389.0
2002,6452.126,1464.0
2003,6426.8647,25882.0
2004,6073.806,110181.0
2005,2708.7917,169.0
2006,6435.743,95946.0
2007,4537.7393,208.0
2008,3266.3792,190.0
2009,3632.1064,147.0
2010,4023.865,344.0
2011,4163.8276,119.0
2012,4060.7222,52.0
2013,2961.0981,252.0
2014,3172.2727,432.0
2015,4330.1924,113.0
2016,6452.1426,46951.0
2017,5506.753,1180.0
2018,5807.7734,5636.0
2019,5332.3784,194.0
2020,6413.0947,1380.0
2021,2975.223,209.0
2022,4572.6987,452.0
2023,5730.8867,4419.0
2024,1234.1566,176.0
2025,5590.8604,187.0
2026,5744.5796,91.0
2027,6452.1416,174349.0
2028,6435.1255,447568.0
2029,6394.4243,2906023.0
2030,6450.3374,1017267.0
2031,6452.0254,297500.0
2032,5851.3823,2828.0
2033,5520.0996,326.0
2034,6125.3335,314.0
2035,6452.137,796935.0
2036,6452.1094,1062.0
2037,6449.9883,1304.0
2038,5483.341,10154.0
2039,6025.8716,1224.0
2040,4792.1543,487.0
2041,5504.64,802.0
2042,4191.1216,171.0
2043,6452.018,11074.0
2044,6407.199,1355.0
2045,6449.9087,7076.0
2046,6249.1357,3852.0
2047,3369.8706,3383.0
2048,4602.987,1124.0
2049,6086.87,5305.0
2050,6425.6357,12573.0
2051,6451.99,2244.0
2052,5687.8687,430.0
2053,6378.542,1304.0
2054,4849.006,1281.0
2055,6329.952,246.0
2056,6441.5703,5478.0
2057,6449.3306,90.0
2058,6029.609,998.0
2059,3325.687,242.0
2060,5418.8184,5186.0
2061,2452.0432,160.0
2062,4892.6206,287.0
2063,4909.0356,1025.0
2064,5564.313,383.0
2065,6451.5947,40.0
2066,4315.6226,189.0
2067,6391.303,90.0
2068,1253.1776,667.0
2069,6072.2,1154.0
2070,2686.4202,311.0
2071,6450.703,931.0
2072,4679.8086,178.0
2073,3094.6099,616.0
2074,6392.5596,73.0
2075,5617.1104,3430.0
2076,6408.6294,3894.0
2077,4150.621,296.0
2078,6351.212,6853.0
2079,6452.1426,15642.0
2080,6451.767,6375.0
2081,6423.8027,831.0
2082,4719.6533,419.0
2083,6427.7925,21521.0
2084,4306.3735,8015.0
2085,5478.4053,6030.0
2086,6261.541,10031.0
2087,3231.9658,4387.0
2088,4605.143,7592.0
2089,4229.8438,1396.0
2090,6446.331,46475.0
2091,4009.7961,362.0
2092,4996.245,3503.0
2093,2989.3396,84.0
2094,4962.6777,922.0
2095,6452.1274,21000.0
2096,5975.986,7009.0
2097,6030.097,1287.0
2098,5334.468,335.0
2099,6451.7295,185.0
2100,5394.564,2112.0
2101,6426.7803,60020.0
2102,4075.738,1207.0
2103,2450.5447,107.0
2104,6449.607,1588.0
2105,4773.134,439.0
2106,6277.5166,26538.0
2107,5021.8345,2348.0
2108,5034.4873,18263.0
2109,6447.216,7379.0
2110,6300.6255,574.0
2111,6451.8384,91451.0
2112,2680.1492,221.0
2113,2781.9382,146.0
2114,6414.1626,49.0
2115,6451.482,121562.0
2116,5236.7964,5867.0
2117,5626.2324,245.0
2118,4209.3145,77.0
2119,5030.025,9978.0
2120,6397.8457,777.0
2121,4821.5645,1874.0
2122,6166.5684,1165.0
2123,5948.069,610.0
2124,6203.0063,6183.0
2125,6451.3315,78407.0
2126,6451.716,149084.0
2127,6452.1426,2803894.0
2128,6450.4805,7639000.0
2129,6452.1426,9310.0
2130,4370.4097,22250.0
2131,6442.796,39290.0
2132,5379.345,4707.0
2133,5904.0063,8606.0
