id,pred_y,target_y
0,1944.2921,2005.0
1,241.81209,303.0
2,1925.7706,2009.0
3,1974.1235,1985.0
4,1945.2626,2017.0
5,1947.461,1979.0
6,1873.7166,2011.0
7,1936.5773,1954.0
8,1779.5588,1852.0
9,1976.8821,2011.0
10,1928.551,2009.0
11,1928.5905,1957.0
12,1866.4492,2010.0
13,1982.199,2018.0
14,1984.6163,2019.0
15,1470.8568,1572.0
16,1975.3875,2014.0
17,1946.2968,1977.0
18,1843.0112,1702.0
19,1917.1458,2010.0
20,1942.5017,1968.0
21,1817.223,1948.0
22,1856.7815,1850.0
23,1975.443,2012.0
24,1940.4475,2013.0
25,1986.4767,2006.0
26,1724.3853,1959.0
27,1963.7745,2003.0
28,1985.2201,2014.0
29,1851.5027,2014.0
30,1947.0502,1991.0
31,1770.6045,1834.0
32,1680.7833,1795.0
33,1960.5334,2017.0
34,630.4187,1506.0
35,1966.4414,1998.0
36,1973.7137,2017.0
37,1945.0951,2006.0
38,1984.9589,2020.0
39,1985.468,2014.0
40,1752.5354,1591.0
41,1932.8583,1993.0
42,1831.3472,1917.0
43,1981.0709,2008.0
44,1965.351,2019.0
45,1964.033,2013.0
46,1894.4543,1987.0
47,1965.6931,2014.0
48,1762.6715,1666.0
49,1946.1686,1963.0
50,1980.4241,2010.0
51,1977.5117,2001.0
52,1953.4518,1969.0
53,1986.0184,1969.0
54,1861.5979,1954.0
55,1900.235,1991.0
56,1976.2567,2014.0
57,1971.938,1996.0
58,1974.3665,2019.0
59,1958.1572,1881.0
60,1970.2539,2012.0
61,1959.5271,1994.0
62,1960.176,2003.0
63,1802.8995,1880.0
64,942.32874,1667.0
65,1890.981,2018.0
66,1949.5311,1916.0
67,1978.9333,1993.0
68,1897.3973,1817.0
69,1961.7324,2012.0
70,1966.9114,2000.0
71,1972.279,1982.0
72,1903.7543,2019.0
73,1831.6818,1788.0
74,1970.8743,1947.0
75,1963.4734,1983.0
76,1586.6622,1680.0
77,1983.5132,2018.0
78,1982.7633,1985.0
79,1919.6454,1980.0
80,1950.0212,1984.0
81,1655.1157,1640.0
82,1972.9895,2017.0
83,1715.9696,1975.0
84,1967.153,2019.0
85,1930.5934,2013.0
86,1958.2375,1970.0
87,1820.9985,1984.0
88,1964.6228,1990.0
89,1549.7627,1707.0
90,1944.9382,1923.0
91,1966.4166,2016.0
92,1977.3552,2010.0
93,1978.7205,2014.0
94,1957.1826,1998.0
95,1936.6239,1983.0
96,1932.081,2001.0
97,1982.5054,2019.0
98,1792.6783,1865.0
99,1881.8401,1962.0
100,1984.9998,2001.0
101,1969.721,1945.0
102,1915.8373,2010.0
103,1952.8927,2001.0
104,1977.146,2002.0
105,1905.964,1949.0
106,1933.9288,1999.0
107,1984.5415,2017.0
108,1935.6031,1986.0
109,1967.3534,1935.0
110,1966.3264,2000.0
111,1209.8363,1327.0
112,1762.7053,1951.0
113,1876.6951,1965.0
114,1941.0176,1894.0
115,1945.5414,1950.0
116,1676.851,1925.0
117,1976.665,1994.0
118,1965.5232,1979.0
119,1928.9509,1919.0
120,1942.3225,1859.0
121,1963.2246,2013.0
122,1667.7942,1879.0
123,1971.3396,1946.0
124,1734.8368,1693.0
125,1952.3276,1989.0
126,1950.2272,1943.0
127,1949.6041,2011.0
128,1928.1611,1919.0
129,1972.1921,1976.0
130,1983.1846,2014.0
131,1732.1156,2020.0
132,1849.3804,2020.0
133,1980.4941,1965.0
134,1967.8533,1964.0
135,1943.461,1934.0
136,1983.2001,2006.0
137,1918.5778,2001.0
138,1829.8622,1994.0
139,1959.3429,2020.0
140,1721.3085,1717.0
141,1882.351,1857.0
142,1966.2811,2000.0
143,1982.3865,1991.0
144,1985.6826,1975.0
145,1917.7737,1963.0
146,1981.4489,2014.0
147,1976.8127,1989.0
148,1977.883,2002.0
149,1940.736,1575.0
150,1962.7009,2005.0
151,1976.4298,1993.0
152,1919.4574,1819.0
153,1869.3873,1983.0
154,1876.5951,1867.0
155,1877.4862,1839.0
156,1924.0568,2011.0
157,1938.8748,1981.0
158,1962.7711,1992.0
159,1943.0493,2009.0
160,1959.9358,1995.0
161,1966.1404,1974.0
162,1796.5585,1879.0
163,1926.6658,2018.0
164,1893.1273,2015.0
165,1956.6296,2012.0
166,1922.043,2018.0
167,1972.0753,1985.0
168,1952.5172,2019.0
169,1964.9875,1961.0
170,1950.8531,2000.0
171,1953.4962,1982.0
172,1789.0067,1904.0
173,1977.5914,2011.0
174,1912.9631,2007.0
175,1819.2393,2003.0
176,1855.3939,1980.0
177,1959.1945,1967.0
178,1983.8514,2017.0
179,1775.5973,1886.0
180,1952.6759,2015.0
181,1897.1537,1866.0
182,1695.9406,1753.0
183,1913.8612,1997.0
184,1970.4701,1967.0
185,1751.2134,1898.0
186,1904.277,2008.0
187,1960.6495,1911.0
188,1960.8563,2020.0
189,1933.8475,1975.0
190,1612.9141,1954.0
191,1542.4912,1616.0
192,1758.377,1715.0
193,1812.854,1995.0
194,1962.0641,2016.0
195,1964.792,2007.0
196,1817.9667,2019.0
197,1677.2169,1625.0
198,1823.4193,1920.0
199,1825.6326,1958.0
200,1965.7334,2015.0
201,1969.6422,1992.0
202,1860.2294,2002.0
203,1932.9902,2004.0
204,1956.4364,2019.0
205,1896.0743,2017.0
206,1948.7848,2000.0
207,1788.7186,1997.0
208,1970.8612,1994.0
209,1985.3263,2020.0
210,1946.6312,2011.0
211,1958.9177,2013.0
212,1894.2087,1894.0
213,1955.4855,1979.0
214,1384.7839,1958.0
215,1966.5146,2018.0
216,1983.7477,1995.0
217,1890.4567,1998.0
218,1882.7056,2019.0
219,1962.7163,2012.0
220,1969.8147,1994.0
221,1882.8226,1993.0
222,1937.5708,2017.0
223,1780.5488,1990.0
224,1871.6865,1896.0
225,1960.1543,2007.0
226,1912.3782,2018.0
227,1488.3741,1639.0
228,1948.3666,1990.0
229,1965.76,2014.0
230,1936.2572,1928.0
231,1862.7275,2010.0
232,1799.7322,2002.0
233,1978.3252,2019.0
234,1919.9716,2005.0
235,1958.7994,1888.0
236,1966.1831,2020.0
237,1970.8914,2000.0
238,1689.9452,1718.0
239,1959.4448,1962.0
240,1973.216,1968.0
241,1939.9792,1918.0
242,1672.4813,1531.0
243,1985.1831,2005.0
244,1973.2703,1949.0
245,1715.5999,1656.0
246,1758.7097,1916.0
247,1929.4369,1979.0
248,1701.264,1533.0
249,1951.8582,1975.0
250,1954.2117,2017.0
251,1963.659,1990.0
252,1465.321,1660.0
253,1966.7047,1991.0
254,1624.4557,1666.0
255,1941.0828,1989.0
256,1751.2217,373.0
257,1888.729,1910.0
258,1865.3308,1971.0
259,1953.6805,1960.0
260,1386.4939,1768.0
261,1744.1016,1654.0
262,1981.2657,1967.0
263,1689.1333,1560.0
264,1958.8518,2019.0
265,1942.2522,1997.0
266,1070.2324,2015.0
267,1954.3306,2018.0
268,1563.653,1923.0
269,1971.9667,2019.0
270,1964.6451,2013.0
271,1978.017,2019.0
272,1886.5316,1892.0
273,1684.3135,1629.0
274,1679.3239,1662.0
275,1648.8865,1626.0
276,1983.3114,2018.0
277,1826.9825,2020.0
278,1950.7886,1958.0
279,1962.1588,2014.0
280,1943.5459,2006.0
281,1943.802,2011.0
282,1873.9169,1986.0
283,1879.1163,2014.0
284,1986.3795,1988.0
285,1977.556,2013.0
286,1973.8401,2002.0
287,1973.3569,1973.0
288,1985.6027,1982.0
289,1680.563,1624.0
290,1976.7156,1999.0
291,1928.5695,2018.0
292,1973.5023,2019.0
293,1702.3344,1573.0
294,1752.4531,1677.0
295,1977.955,2011.0
296,1949.0236,2015.0
297,1961.5006,1995.0
298,1750.7603,1740.0
299,1947.0552,1987.0
300,1956.9344,2008.0
301,1772.9794,1837.0
302,1986.5533,1978.0
303,1599.9386,1988.0
304,1981.7452,2016.0
305,1979.5753,2013.0
306,1950.2255,1976.0
307,1966.3407,2007.0
308,1895.9098,1883.0
309,1960.2825,2017.0
310,1940.0121,1960.0
311,1660.3934,1675.0
312,1696.657,1827.0
313,1958.0964,1866.0
314,1973.4729,2015.0
315,1939.97,1899.0
316,1696.5142,1793.0
317,1936.0986,1907.0
318,1963.0637,1997.0
319,1951.2101,2008.0
320,1905.8447,1947.0
321,1679.8585,1804.0
322,1982.0778,2011.0
323,1984.1389,1999.0
324,1809.5403,2016.0
325,1978.5734,2017.0
326,1963.4473,1998.0
327,1925.3086,1970.0
328,1867.0441,2011.0
329,1663.5089,1684.0
330,1877.2256,2018.0
331,1981.8374,2006.0
332,1925.7546,1940.0
333,1964.4939,1993.0
334,1984.5974,1992.0
335,1907.1256,1841.0
336,1967.5529,2018.0
337,1890.1458,1992.0
338,1956.6411,1955.0
339,1971.2764,1975.0
340,1975.1193,2016.0
341,1833.1687,1988.0
342,1970.0135,1945.0
343,1938.1725,1970.0
344,1912.15,2019.0
345,1662.4338,1813.0
346,1845.996,1806.0
347,1849.3428,1828.0
348,1885.2997,1918.0
349,1967.1254,1963.0
350,1879.3783,1987.0
351,1883.9679,1995.0
352,1808.4435,1524.0
353,1970.8613,2011.0
354,1603.7347,1686.0
355,1961.1274,1993.0
356,1700.0723,1550.0
357,1965.3007,2018.0
358,1855.6364,1894.0
359,1930.7537,1984.0
360,1972.3746,2002.0
361,1972.8818,1984.0
362,1976.7112,1990.0
363,1985.8402,2016.0
364,1975.3973,2017.0
365,1975.8223,1993.0
366,1948.2317,1955.0
367,1955.3855,1910.0
368,1933.6781,1991.0
369,1970.2767,2000.0
370,1944.106,1965.0
371,1967.8507,1985.0
372,1946.3397,1992.0
373,1965.8712,1898.0
374,1974.1417,2016.0
375,1983.2032,1991.0
376,1937.7651,2013.0
377,1967.65,1993.0
378,1974.76,2018.0
379,1950.0245,1973.0
380,1794.7959,1660.0
381,1977.8635,1943.0
382,1901.6984,1978.0
383,1906.3379,2013.0
384,1795.833,1813.0
385,1649.9668,1640.0
386,1973.2726,2018.0
387,1929.5409,2012.0
388,1571.6044,1823.0
389,1886.7858,1968.0
390,1983.9685,1975.0
391,1966.9198,1972.0
392,1964.1528,1945.0
393,1985.385,2015.0
394,1943.1969,1647.0
395,1737.5575,1979.0
396,1925.5781,1974.0
397,1821.3152,2015.0
398,1983.0214,1996.0
399,1834.3802,1874.0
400,1680.2437,1782.0
401,1791.9834,1874.0
402,1918.8381,1994.0
403,1969.949,1969.0
404,1891.7736,2015.0
405,1968.91,1976.0
406,1688.0371,1799.0
407,1861.9491,1964.0
408,1906.8408,1864.0
409,1939.9648,1980.0
410,1963.8961,1895.0
411,1947.3857,1942.0
412,1872.4949,1962.0
413,1982.0515,1963.0
414,1929.4103,1942.0
415,1912.8995,1924.0
416,1940.4678,1966.0
417,1973.8778,2019.0
418,1951.0121,1942.0
419,1973.7665,2000.0
420,1976.8126,2000.0
421,1982.4167,2017.0
422,1949.0391,1957.0
423,1969.1189,1998.0
424,1985.1328,2012.0
425,1803.6779,1992.0
426,1705.0443,1628.0
427,1686.8984,1723.0
428,1890.3219,1921.0
429,1951.7125,1950.0
430,1952.9546,2011.0
431,1763.8887,1819.0
432,1898.8352,2014.0
433,1963.8219,2003.0
434,1898.119,2005.0
435,1872.8527,1994.0
436,1978.135,2013.0
437,1895.8497,1943.0
438,1806.2972,2015.0
439,1753.3209,1932.0
440,1703.2401,1784.0
441,1977.5264,1993.0
442,1744.4725,1886.0
443,1947.7206,1980.0
444,1953.3783,1928.0
445,1819.9624,1942.0
446,1960.6965,1969.0
447,1927.237,1923.0
448,1920.5211,1903.0
449,1935.9569,1960.0
450,1963.931,2016.0
451,1683.7783,1668.0
452,1900.3584,1931.0
453,1984.5836,2001.0
454,1983.9557,1997.0
455,1971.0339,2016.0
456,1952.7054,2018.0
457,1966.4915,1984.0
458,1705.9628,1675.0
459,1915.3239,1942.0
460,1740.1411,1668.0
461,1932.7642,1928.0
462,1955.9209,1936.0
463,1861.6809,2004.0
464,1980.9274,1947.0
465,1750.2395,1849.0
466,1828.434,1999.0
467,1959.3069,2004.0
468,1957.0692,1942.0
469,1972.0083,1902.0
470,1787.9727,1775.0
471,1870.8119,1957.0
472,1663.4353,1817.0
473,1907.176,1865.0
474,1828.9003,1969.0
475,1747.0103,1612.0
476,1925.053,2020.0
477,1896.913,1897.0
478,1767.3662,1886.0
479,1869.2157,2013.0
480,1976.9271,2015.0
481,1699.5547,1997.0
482,1793.7351,1950.0
483,1961.1123,1861.0
484,1702.1565,1551.0
485,1928.5521,1984.0
486,1971.029,2018.0
487,1969.1842,2019.0
488,1929.3192,1959.0
489,1967.6034,1957.0
490,1704.5818,2004.0
491,1981.351,1984.0
492,1975.8945,2006.0
493,1963.3124,2009.0
494,1656.2593,1651.0
495,1925.7996,2012.0
496,1916.0228,2019.0
497,1949.191,2015.0
498,1950.8512,1918.0
499,1981.7175,2012.0
500,1813.0906,1984.0
501,1953.2678,2018.0
502,1933.8751,1937.0
503,1958.308,1974.0
504,1954.8315,1968.0
