id,pred_y,target_y
0,1989.5438,2003.0
1,1989.5438,2018.0
2,1983.8883,1980.0
3,1989.5438,2011.0
4,1989.5438,1993.0
5,1940.1674,1880.0
6,1947.4574,2000.0
7,1989.5438,2001.0
8,1989.5438,1999.0
9,1969.1025,1961.0
10,1989.5438,2017.0
11,1989.5438,2006.0
12,1989.5438,2004.0
13,1989.5438,1994.0
14,1989.5438,1999.0
15,1989.5438,2013.0
16,1987.4325,2013.0
17,1989.5438,1981.0
18,1989.5438,2004.0
19,1989.5365,2004.0
20,1989.5438,1989.0
21,1989.5438,1957.0
22,1989.5438,2008.0
23,1981.8561,1998.0
24,1989.5438,2008.0
25,1988.4368,1961.0
26,1989.5438,2001.0
27,1989.5438,1991.0
28,1989.5438,1954.0
29,1968.9095,1958.0
30,1989.5438,2009.0
31,1989.435,1983.0
32,1980.909,1953.0
33,1989.5438,2001.0
34,1989.5438,1984.0
35,1989.5438,2014.0
36,1967.8914,1997.0
37,1989.5438,2011.0
38,1989.5438,1993.0
39,1989.5438,1978.0
40,1989.5438,2014.0
41,1989.5437,1934.0
42,1989.5438,1989.0
43,1967.8772,1962.0
44,1989.5438,2015.0
45,1989.5438,1999.0
46,1989.5438,2008.0
47,1989.5438,1966.0
48,1989.5438,1986.0
49,1989.5415,2002.0
50,1989.5438,2003.0
51,1968.7919,1961.0
52,1989.5417,1972.0
53,1989.5438,1992.0
54,1989.5438,2004.0
55,1989.5101,1953.0
56,1989.4993,1963.0
57,1967.8766,1950.0
58,1989.5438,2017.0
59,1989.5437,2014.0
60,1949.521,1999.0
61,1989.5438,1968.0
62,1989.5438,2014.0
63,1989.5424,1947.0
64,1989.5438,2019.0
65,1989.5438,2011.0
66,1984.3434,1960.0
67,1989.5276,2017.0
68,1989.5438,1978.0
69,1989.5438,2019.0
70,1989.5438,2015.0
71,1989.5438,2010.0
72,1989.5438,1991.0
73,1989.5438,2010.0
74,1989.5438,1985.0
75,1989.5438,1998.0
76,1988.8546,1962.0
77,1989.5438,2001.0
78,1989.5437,2001.0
79,1989.5438,2013.0
80,1989.5438,2012.0
81,1989.5438,2006.0
82,1989.5415,2007.0
83,1989.5354,1959.0
84,1989.5438,2008.0
85,1989.5438,2017.0
86,1989.5438,2004.0
87,1989.5438,1988.0
88,1989.5437,1982.0
89,1989.5438,2016.0
90,1989.5438,2008.0
91,1989.5438,1991.0
92,1989.5334,1948.0
93,1989.4843,2014.0
94,1968.0725,1984.0
95,1967.9723,1987.0
96,1989.5438,2006.0
97,1989.5438,2008.0
98,1986.1118,1960.0
99,1989.5438,2003.0
100,1989.5438,2012.0
101,1967.8625,1949.0
102,1985.944,1979.0
103,1989.5438,1970.0
104,1989.5438,1997.0
105,1989.5438,1990.0
106,1989.5438,2011.0
107,1989.5437,1938.0
108,1989.5438,2014.0
109,1989.5438,2006.0
110,1989.5438,1983.0
111,1989.5422,2016.0
112,1989.5118,1959.0
113,1989.5288,1962.0
114,1989.5438,1968.0
115,1989.5438,2013.0
116,1978.9272,1982.0
117,1989.5438,2005.0
118,1989.5438,2016.0
119,1989.5438,2012.0
120,1989.5438,1989.0
121,1989.5438,2010.0
122,1989.5438,2013.0
123,1989.5438,2010.0
124,1986.0249,2016.0
125,1989.5438,1999.0
126,1989.5417,1956.0
127,1989.5438,1969.0
128,1989.5438,2007.0
129,1981.6387,1980.0
130,1989.5438,2019.0
131,1989.5438,2004.0
132,1989.5438,1979.0
133,1989.5438,2006.0
134,1989.5438,1953.0
135,1989.4583,2001.0
136,1989.5438,2017.0
137,1989.5425,1989.0
138,1989.5438,1990.0
139,1989.5408,2011.0
140,1989.5438,2017.0
141,1989.5438,2001.0
142,1977.1974,1970.0
143,1989.5438,2008.0
144,1989.5382,1954.0
145,1986.4199,1955.0
146,1989.4094,1941.0
147,1989.5438,1953.0
148,1989.5438,1963.0
149,1988.1871,2016.0
150,1979.9009,1952.0
151,1967.8754,1950.0
152,1989.5438,2018.0
153,1989.5437,2002.0
154,1989.5438,1984.0
155,1989.5438,1979.0
156,1965.2794,1990.0
157,1989.5438,1979.0
158,1989.5435,2004.0
159,1989.5438,2016.0
160,1967.8213,1950.0
161,1988.5444,1952.0
162,1989.5433,1983.0
163,1988.3572,2013.0
164,1976.7634,1950.0
165,1989.5377,1962.0
166,1988.8943,1982.0
167,1989.5438,1972.0
168,1989.5438,1974.0
169,1989.5438,2016.0
170,1989.5409,1987.0
171,1989.5438,2007.0
172,1989.38,1963.0
173,1989.5438,2017.0
174,1989.5438,1984.0
175,1989.5438,1992.0
176,1989.5438,1996.0
177,1969.2572,2019.0
178,1989.5438,2017.0
179,1989.5438,1952.0
180,1989.5438,2004.0
181,1989.5437,2011.0
182,1989.5436,1972.0
183,1989.5438,2016.0
184,1989.5438,2003.0
185,1989.5438,2003.0
186,1989.5438,2003.0
187,1989.5438,2011.0
188,1989.5438,2012.0
189,1989.5438,2003.0
190,1989.5438,2007.0
191,1989.5438,2012.0
192,1989.5438,2004.0
193,1989.5438,1984.0
194,1989.5438,1991.0
195,1989.5438,2013.0
196,1989.5225,2012.0
197,1989.5437,2014.0
198,1989.5438,2004.0
199,1989.5438,2012.0
200,1989.5438,2016.0
201,1989.5438,1967.0
202,1989.5438,1973.0
203,1989.5271,1980.0
204,1989.4897,2016.0
205,1989.5438,2001.0
206,1988.2809,1993.0
207,1989.5438,2013.0
208,1989.5438,2011.0
209,1989.5438,2013.0
210,1989.5438,2017.0
211,1967.8749,1950.0
212,1989.5438,2011.0
213,1971.9038,1980.0
214,1989.5438,2009.0
215,1989.537,2011.0
216,1989.5438,1992.0
217,1989.5438,2017.0
218,1989.5431,2002.0
219,1989.5438,2010.0
220,1989.4495,1975.0
221,1989.2349,1982.0
222,1989.5438,2009.0
223,1989.5438,1962.0
224,1989.5438,1985.0
225,1989.5438,2015.0
226,1987.086,2014.0
227,1989.5438,2012.0
228,1989.5438,1959.0
229,1989.5438,2019.0
230,1989.5438,2015.0
231,1989.5438,1998.0
232,1989.5438,1999.0
233,1989.5438,1992.0
234,1989.5438,1988.0
235,1988.6321,2014.0
236,1989.5438,2018.0
237,1989.5438,2000.0
238,1989.5438,1989.0
239,1989.5438,1992.0
240,1989.5438,2010.0
241,1989.5438,2009.0
242,1967.8793,1985.0
243,1989.5438,1997.0
244,1989.5438,2001.0
245,1989.5438,2017.0
246,1989.5438,2014.0
247,1989.5438,2003.0
248,1971.0668,1998.0
249,1989.5438,1974.0
250,1989.5438,1977.0
251,1989.5438,2018.0
252,1989.5438,2017.0
253,1989.5438,2012.0
254,1989.5438,2016.0
255,1989.5438,2010.0
256,1968.9366,1961.0
257,1989.5438,2016.0
258,1989.5438,2008.0
259,1989.5438,2003.0
260,1989.5438,2005.0
261,1989.5437,2013.0
262,1989.5438,2016.0
263,1989.5438,2001.0
264,1987.6484,1988.0
265,1989.5438,1936.0
266,1989.5417,1997.0
267,1989.5438,2007.0
268,1989.5438,2000.0
269,1989.5438,2018.0
270,1947.8827,1989.0
271,1979.8098,1961.0
272,1989.5438,2012.0
273,1989.5438,2001.0
274,1988.1047,2000.0
275,1989.5272,1960.0
276,1989.5438,2004.0
277,1989.5438,2017.0
278,1955.108,1960.0
279,1989.5405,1994.0
280,1989.5437,2017.0
281,1989.5438,2000.0
282,1989.5438,2009.0
283,1989.5438,2009.0
284,1989.5438,1960.0
285,1989.1539,1967.0
286,1989.5438,2019.0
287,1989.5438,2014.0
288,1989.5438,1992.0
289,1989.5438,2015.0
290,1989.5438,2014.0
291,1989.5438,2016.0
292,1975.7567,1958.0
293,1989.5438,2001.0
294,1989.5438,1975.0
295,1989.5431,1962.0
296,1989.4713,1973.0
297,1947.6385,1855.0
298,1989.5438,2004.0
299,1989.5436,2004.0
300,1989.5437,1973.0
301,1989.5438,1976.0
302,1989.5438,2012.0
303,1989.5063,1980.0
304,1989.5438,1987.0
305,1989.5438,2005.0
306,1989.5437,1984.0
307,1989.5438,2004.0
308,1989.5438,2008.0
309,1989.5416,2003.0
310,1989.5438,2011.0
311,1989.538,2010.0
312,1989.5438,2002.0
313,1989.5438,2016.0
314,1989.5438,2008.0
315,1988.9238,2008.0
316,1989.5438,2009.0
317,1989.5438,2009.0
318,1989.5358,2004.0
319,1975.4487,1984.0
320,1989.5438,2004.0
321,1989.5438,2013.0
322,1989.5438,2017.0
323,1988.8364,1966.0
324,1989.5438,2019.0
325,1989.5438,2001.0
326,1989.5438,2016.0
327,1989.5438,2011.0
328,1989.5438,1988.0
329,1989.5438,1963.0
