id,pred_y,target_y
0,2.910943,1.91
1,3.2095332,1.78
2,3.1965022,1.76
3,2.7038333,1.66
4,3.148944,1.85
5,2.7860928,1.72
6,2.533817,1.9
7,3.8195338,199.51
8,3.2018979,1.75
9,3.0493453,1.89
10,2.7983599,1.83
11,3.1951532,1.88
12,2.4178424,1.9
13,2.1832974,1.8
14,2.8641438,1.9
15,3.056149,1.82
16,2.571981,1.78
17,2.663577,1.83
18,3.0844512,1.88
19,2.5935123,1.72
20,2.6236563,1.96
21,3.0530937,1.76
22,2.6203303,1.73
23,2.9400177,1.89
24,4.0211153,21.6408
25,2.4387875,1.78
26,3.1205304,1.77
27,1.5469127,1.74
28,2.8053124,1.65
29,2.6443279,1.79
30,3.121739,1.88
31,2.9710946,1.89
32,3.1141648,1.85
33,2.5611374,1.84
34,2.8628707,1.85
35,3.0912464,1.85
36,2.8057027,1.92
37,2.8651423,1.81
38,3.330775,1.86
39,2.885333,1.76
40,2.8184965,1.88
41,3.1214504,1.92
42,2.718445,1.82
43,2.7603483,1.87
44,2.068086,1.86
45,2.6572986,1.78
46,2.551323,2.02
47,2.34,1.83
48,2.013727,1.83
49,2.6935914,1.89
50,2.8674421,1.69
51,3.0104837,1.8
52,3.1986055,1.76
53,3.4007254,45.0
54,2.959583,1.78
55,2.7748766,1.93
56,2.481326,1.86
57,2.7678783,1.85
58,2.5441384,2.04
59,3.2859547,1.8
60,3.021861,1.85
61,2.6054835,1.86
62,2.9756994,1.86
63,2.5449154,1.85
64,2.3734279,1.76
65,2.4829507,1.88
66,2.70934,1.73
67,2.9269242,1.73
68,2.9766436,1.83
69,2.833766,1.87
70,3.0454109,1.9
71,3.0991821,1.9
72,2.8155775,1.96
73,3.1867754,1.83
74,3.0246058,1.8
75,3.2058623,1.78
76,2.293636,1.81
77,2.8382716,1.9
78,2.8223727,1.88
79,3.0199695,1.85
80,2.632016,1.78
81,2.9467273,1.73
82,3.016322,1.8
83,3.2386637,1.86
84,2.5188417,1.8
85,2.8517404,1.6
86,2.2646797,1.69
87,2.9695926,1.83
88,3.0839748,1.81
89,2.825467,1.78
90,3.0759401,1.96
91,2.8626115,1.93
92,2.492209,1.85
93,2.1360512,1.76
94,3.1190836,1.8
95,2.6004555,1.87
96,3.1521847,1.8
97,2.773847,2.01
98,2.8445256,1.74
99,2.6514597,1.89
100,3.0355737,1.78
101,2.7941763,1.83
102,3.0962203,1.8
103,3.256545,1.87
104,2.9038103,1.75
105,2.6932702,1.85
106,3.2847936,1.8
107,3.0445764,1.86
108,3.206271,1.96
109,1.9197164,1.65
110,3.1218553,1.83
111,2.6340294,1.81
112,3.6397786,259.0
113,2.900247,1.85
114,2.975617,1.8034
115,3.0452514,1.88
116,3.3409653,1.83
117,3.2504659,1.85
118,3.1540258,2.0
119,2.4402728,1.83
120,2.9647536,1.83
121,2.0369365,2.06
122,2.2568355,1.98
123,3.265811,1.9
124,2.6265635,1.78
125,2.9014313,1.83
126,2.6787276,1.88
127,2.228756,1.77
128,2.856164,1.92
129,3.070178,1.79
130,2.748896,1.79
131,3.1052032,1.85
132,2.5678663,1.88
133,2.2986128,1.66
134,2.7835393,1.82
135,3.590355,1.7
136,2.607192,1.7
137,3.00236,1.7
138,3.1497688,1.77
139,3.2895272,1.87
140,2.6568382,1.88
141,3.137319,1.69
142,3.1034203,1.73
143,2.8067074,1.93
144,3.0425045,1.88
145,3.0145457,1.88
146,2.8959575,2.06
147,2.877632,1.75
148,2.7028265,1.8288
149,2.8918025,1.8
150,2.745806,1.88
151,1.8825276,1.75
152,2.873876,1.83
153,1.9992774,1.73
154,2.309167,1.8
155,3.2325878,1.9
156,3.183903,1.82
157,2.925322,1.81
158,3.444867,1.63
159,2.8408344,1.78
160,2.5583296,1.8
161,2.9963322,1.75
162,2.6565206,1.9
163,2.1133382,13.0
164,2.7395077,1.79
165,2.8571188,1.78
166,2.136208,1.83
167,2.2706017,1.79
168,2.7298558,1.9
169,2.3442109,1.8
170,2.7813652,1.95
171,2.505366,1.73
172,3.063052,1.85
173,2.7356453,1.92
174,3.2088656,2.06
175,3.0238023,1.91
176,2.8124783,1.77
177,3.1555238,1.7
178,3.1914747,1.96
179,2.9715326,1.86
180,2.3401265,1.9
181,2.8203816,1.9558
182,2.7372208,1.72
183,3.054488,1.73
184,2.8116848,2.16
185,2.463838,1.85
186,2.8496976,1.89
187,3.1972299,1.93
188,2.6217675,1.76
189,3.157126,1.73
190,3.051362,1.85
191,2.7974534,1.88
192,3.3650591,1.7
193,2.6680317,1.83
194,2.5910215,1.96
195,2.096039,1.79
196,2.7339568,1.73
197,2.582241,1.78
198,3.1604738,1.82
199,2.186215,1.93
200,2.1709402,1.78
201,2.470476,1.8
202,2.639093,1.72
203,2.785768,1.89
204,2.5410495,1.74
205,2.5350595,1.8
206,2.149242,1.75
207,2.0722551,1.7
208,3.2644258,1.8
209,3.3704832,1.78
210,3.0927439,1.8
211,2.7298324,1.76
212,3.2129223,1.9
213,3.3396978,1.88
214,3.0772889,1.84
215,2.5667408,1.71
216,2.8157609,1.71
217,2.4654522,1.78
218,3.381957,1.83
219,2.1913064,1.76
220,2.5016742,1.85
221,3.4309742,1.76
222,2.591207,1.75
223,2.4698954,1.8
224,2.2996411,29.2608
225,3.3582528,1.78
226,2.9761276,1.93
227,2.5590532,1.9
228,2.7785356,1.83
229,2.3128996,1.93
230,2.7082891,1.8
231,2.128557,1.87
232,2.2893233,1.75
233,3.1417885,1.8
234,3.0584114,1.84
235,2.7890215,1.81
236,2.4570744,1.67
237,2.5582821,1.86
238,2.3489852,1.8
239,2.8656294,1.805
240,2.346418,1.73
241,3.2608905,1.7
242,3.023385,1.71
243,2.7204905,1.91
244,3.0248375,1.84
245,2.525835,1.75
246,3.0072904,1.85
247,2.850556,1.73
248,3.4812734,2.07
249,2.3786721,1.77
250,3.409217,2.06
251,2.5527172,1.71
252,2.287226,1.86
253,3.1276464,1.88
254,3.4773154,1.65
255,2.9780164,1.93
256,2.5348353,1.98
257,2.4774692,1.69
258,3.4264631,2.03
259,2.9784184,1.74
260,2.819027,2.08
261,2.4869814,1.74
262,2.3211002,1.75
263,3.6738768,1.93
264,2.6239665,1.96
265,3.0874631,2.13
266,2.4498496,1.74
267,3.3461154,1.78
268,2.9526224,2.11
269,2.0360026,1.83
270,3.22877,1.79
271,2.9612129,1.75
272,2.3928962,1.83
273,2.9637492,2.11
274,2.356741,1.83
275,2.5466049,1.74
276,2.865678,1.88
277,2.6301596,1.71
278,2.9362612,1.83
279,3.026015,1.9
280,2.2017086,1.84
281,2.8793907,2.05
282,2.9838994,1.95
283,3.1257706,1.79
284,2.9644387,1.78
285,3.1527524,1.76
286,1.8828273,1.93
287,3.145733,1.84
288,2.828204,1.96
289,3.15848,1.85
290,2.8202715,1.71
291,2.5721066,1.78
292,3.1430817,1.63
293,3.3045187,1.83
294,3.061058,2.08
295,3.2333362,1.9
296,3.0481253,1.91
297,2.7536273,1.7
298,2.399191,1.76
299,2.7104511,1.73
300,3.0633724,1.9
301,2.872571,1.87
302,3.0218968,1.88
303,2.2164016,1.96
304,2.962226,1.78
305,3.525235,2.07
306,3.1176996,1.71
307,2.1845536,1.87
308,2.9530458,1.73
309,3.0039563,1.83
310,2.6090605,1.9
311,2.6035657,1.83
312,3.0768082,1.95
313,2.5300753,1.77
314,3.1874309,1.78
315,3.1491222,1.76
316,3.5311885,1.81
317,3.2269278,1.85
318,3.2035913,2.01
319,3.066891,1.91
320,2.0755005,2.03
321,2.5429506,1.96
322,3.0039487,1.98
323,3.2302663,1.9
324,3.1472564,1.88
325,2.7888117,1.88
326,2.6124985,1.75
327,2.3193264,1.75
328,3.1467507,1.76
329,2.0738134,1.9
330,3.0866942,1.79
331,3.386963,1.8
332,2.8802161,1.78
333,3.1726224,1.93
334,3.0549393,2.08
335,3.3812184,1.83
336,2.7984352,1.73
337,2.3801935,1.78
338,2.5812285,1.87
339,3.1410437,1.8
340,3.0435054,1.76
341,2.72823,1.78
342,2.1809552,1.9
343,2.7908733,1.88
344,3.0046566,1.84
345,2.7882245,2.13
346,2.6889052,1.85
347,2.1819234,1.68
348,3.029393,1.76
349,2.825134,1.8
350,3.2038693,1.75
351,3.004796,1.74
352,2.3140113,1.84
353,2.7271838,1.84
354,3.0215194,1.88
355,3.2454424,2.11
356,2.8101292,1.87
357,3.14746,1.83
358,3.2767813,1.82
359,2.8980565,1.72
360,3.286143,1.87
361,2.4862878,1.76
362,2.6250162,1.7
363,2.553954,1.78
364,2.4193609,2.03
365,2.9581544,1.8
366,2.8531358,1.8
367,2.731085,1.76
368,3.2443075,1.66
369,2.5645556,1.86
370,3.195178,1.9
371,3.003393,1.85
372,3.1707811,1.75
373,2.7262318,1.81
374,2.9104235,1.88
375,2.8847227,1.8
376,2.699335,1.9
377,1.9383509,1.83
378,3.0769289,1.76
379,3.1878686,1.8
380,3.0702782,1.77
381,2.3855355,1.81
382,3.0105424,2.01
383,2.885207,1.88
384,3.0301266,1.86
385,2.7847877,1.91
386,2.962522,1.86
387,2.4532921,1.73
388,2.5798757,1.81
389,2.972852,1.9
390,2.6660979,1.92
391,2.7888486,2.08
392,2.9066715,1.83
393,2.6254,1.85
394,2.7643454,1.83
395,2.5524938,1.93
396,2.5494158,1.85
397,2.3861153,1.73
398,3.04552,1.88
399,2.8222547,1.7
400,2.9174309,1.76
401,3.2095919,1.85
402,3.1499515,1.9
403,2.9893863,1.81
404,2.70535,1.93
405,2.972647,1.86
406,2.474011,1.91
407,2.7621732,1.83
408,3.1489758,1.86
409,1.7570792,2.08
410,3.3725178,1.95
411,2.9465442,1.83
412,3.3287783,1.8
413,2.9675329,1.98
414,2.3681138,1.88
415,2.6423888,1.93
416,2.8764691,1.85
417,2.8557453,1.98
418,2.719359,1.83
419,3.1203449,1.83
420,3.0000699,1000.0
421,2.4343958,1.8
422,2.8332202,2.03
423,3.0539143,1.8
424,2.7926323,1.93
425,2.857139,2.08
426,2.851852,1.96
427,2.7854266,1.98
428,2.5506854,2.11
429,3.562122,1.83
430,2.8060043,2.03
431,3.0486164,1.79
432,2.7533612,1.77
433,2.4804935,1.79
434,3.097081,2.1
435,3.0731113,1.8
436,3.1882622,1.93
437,2.7915087,2.13
438,2.982997,1.92
439,3.0485408,1.78
440,2.7901855,2.08
441,2.078961,1.82
442,2.721825,1.78
443,3.323225,1.9
444,2.346394,0.076
445,2.3342106,1.78
446,3.139034,2.03
447,2.714769,1.88
448,2.956879,1.93
449,2.843225,1.81
450,3.1602952,1.88
451,2.929495,1.78
452,2.5645986,1.92
453,3.003476,1.83
454,2.837159,1.75
455,3.1601768,1.81
456,3.5432117,1.9
457,2.2467875,1.89
458,2.8564599,1.98
459,3.0092738,1.93
460,2.3208716,1.77
461,3.0353777,1.6
462,2.851864,2.18
463,3.2161903,1.81
464,3.3334072,1.88
465,3.0518527,1.8
466,2.8321223,1.75
467,2.4726346,1.67
468,2.9184046,1.77
469,3.0190508,1.78
470,2.995642,1.75
471,2.9407673,1.75
472,2.9044845,1.9
473,2.7713902,1.74
474,2.8496792,1.83
475,2.7964284,1.93
476,1.8186455,1.8
477,3.2937458,2.16
478,3.1321855,1.88
479,3.303292,1.96
480,2.9330592,1.86
481,3.0070074,1.72
482,3.2843564,1.83
483,3.233811,1.78
484,3.0899541,1.8
485,3.0830615,1.75
486,2.6106195,1.75
487,2.5142572,1.77
488,2.475418,1.88
489,2.9114957,1.9
490,3.0265522,1.78
491,2.3594456,1.78
492,3.4471066,1.78
493,3.2949507,1.72
494,3.215951,1.78
495,2.833352,1.8
496,2.9135647,1.85
497,2.9204898,1.76
498,2.363714,2.11
499,3.026044,1.89
500,2.8085017,1.78
501,2.8654165,1.65
502,2.9437368,1.75
503,3.2020206,1.8
504,3.1744597,1.76
505,2.8475597,1.83
506,2.8641179,1.78
507,2.2147262,1.9
508,2.8070724,1.85
509,2.61289,2.16
510,2.688815,1.93
511,2.4038334,1.85
512,2.950934,1.7
513,2.3597896,1.81
514,3.287353,1.86
515,2.931241,1.73
516,2.7403078,1.93
517,3.0454147,1.87
518,3.1183786,1.72
519,2.94699,1.92
520,2.8000948,1.68
521,2.7342017,1.8
522,2.6101484,1.81
523,2.8513293,1.9
524,2.4027238,1.81
525,3.1014113,1.68
526,3.0305102,1.85
527,3.316022,2.03
528,2.7487075,2.11
529,2.713431,1.8
530,2.5629683,1.91
531,3.442367,1.85
532,2.9496639,1.8
533,3.319989,1.87
534,3.3007312,1.85
535,3.2942212,1.78
536,3.2527657,2.01
537,3.068632,1.8
538,2.9096286,1.82
539,3.2522204,1.83
540,2.919004,1.64
541,2.969054,1.87
542,2.787292,1.96
543,2.7975254,1.8
544,2.5364795,1.8
545,2.6538968,1.77
546,2.5606601,2.08
547,3.1995618,1.85
548,2.8961937,1.91
549,2.467159,1.98
550,2.4329262,1.9812
551,2.7988539,1.85
552,2.636608,2.08
553,3.0863326,1.8
554,2.712557,1.7
555,2.5961566,1.93
556,3.102027,1.75
557,2.6317804,1.85
558,2.9825501,1.91
559,3.2063975,1.75
560,2.54821,1.9
561,3.1239421,1.68
562,2.841226,1.87
563,3.043797,1.83
564,3.204829,1.92
565,2.947644,1.98
566,2.7152572,1.73
567,2.918736,2.03
568,2.9407616,1.7
569,3.2975256,1.82
570,2.9316695,1.905
571,2.7288258,1.82
572,3.3123963,1.97
573,3.382683,1.85
574,2.7976632,1.85
575,2.9920015,1.74
576,2.4329245,1.77
577,1.9160162,1.75
578,2.8289802,2.13
579,2.273651,1.8
580,1.6702344,2.01
581,1.957442,1.76
582,3.3066716,1.55
583,2.7940888,1.77
584,2.9485338,1.83
585,3.2412958,1.73
586,3.125149,1.85
587,2.9217024,1.96
588,2.9921646,1.78
589,3.3144908,1.85
590,3.2174425,1.7
591,3.208621,1.74
592,2.9101374,1.89
593,2.9691124,1.89
594,2.7557292,2.08
595,2.972075,1.81
596,2.3537474,1.82
597,3.236125,1.78
598,3.301735,1.87
599,3.2506306,1.88
600,2.3262103,1.85
601,3.2048817,1.8
602,2.341489,1.78
603,2.782188,1.9
604,3.0451984,1.8
605,3.0583081,1.92
606,2.735122,1.8
607,3.5504289,1.62
608,3.580411,1.82
609,3.0106137,1.8
610,2.4760995,1.7
611,2.6806123,1.72
612,2.2888505,1.8796
613,2.9846733,1.83
614,3.158936,1.88
615,3.2566807,1.93
616,3.2549138,1.83
617,3.1254313,1.76
618,3.1427348,1.78
619,2.8532636,1.91
620,2.5448227,1.82
621,3.391193,1.79
622,2.487808,1.82
623,2.745449,1.7
624,2.5047486,1.85
625,3.0412416,1.8
626,3.018546,1.8
627,2.6730394,1.88
628,3.0902538,1.8
629,2.7578087,1.83
630,3.029889,1.82
631,3.0624352,1.74
632,2.585953,1.77
633,2.9765708,1.93
634,3.0965357,1.83
635,2.8961806,1.89
636,2.1174026,1.84
637,2.8510115,2.11
638,2.958993,1.88
639,2.231159,1.75
640,3.026743,1.92
641,2.365866,1.78
642,3.113977,1.81
643,2.6301053,1.83
644,3.080621,1.9
645,3.4108896,1.91
646,2.8322122,1.98
647,3.0234945,1.74
648,3.107935,1.9
649,2.85298,1.96
650,2.9620056,1.73
651,3.2091277,1.83
652,2.8309224,1.84
653,3.0005171,1.9
654,2.472723,1.82
655,3.0620353,1.85
656,2.7471504,1.75
657,2.8010576,1.83
658,3.0427213,1.91
659,2.6940312,1.7
660,3.0517097,2.06
661,3.2016647,1.94
662,2.6404376,1.82
663,2.6764734,1.89
664,3.4386516,1.83
665,3.2474582,2.03
666,2.1677568,1.89
667,2.2513227,1.91
668,3.3853652,1.72
669,3.0387797,1.85
670,2.3241313,1.88
671,2.6966653,1.86
672,2.68695,1.8
673,2.9889169,1.85
674,3.1683025,1.8
675,3.0928192,1.83
676,3.0987346,1.92
677,3.0488424,1.79
678,3.1624255,1.78
679,2.9800975,1.93
680,2.557049,1.8
681,2.945882,1.81
682,2.7274997,1.95
683,2.8867483,1.85
684,3.1315284,2.06
685,3.3393104,2.15
686,2.925337,1.93
687,2.7957206,1.96
688,2.8714314,2.06
689,2.8510396,2.16
690,2.7430012,1.88
691,2.5440066,1.71
692,2.6761472,1.86
693,3.3886232,2.13
694,2.7781825,1.96
695,2.6275566,2.06
696,3.0981343,1.89
697,3.3076453,1.85
698,3.2973576,2.06
699,1.9553527,1.78
700,2.5430648,1.87
701,3.0271802,1.68
702,3.155848,1.87
703,2.7481365,1.8
704,3.1912894,1.85
705,2.6770997,1.85
706,3.2771306,1.8
707,2.87535,2.11
708,3.0088513,1.83
709,2.2581615,1.9558
710,2.8154504,1.83
711,3.290042,1.72
712,3.004968,1.95
713,2.7662137,1.82
714,2.8894515,1.85
715,3.235093,1.88
716,2.777108,1.85
717,2.9493237,1.85
718,2.8603199,1.83
719,3.1066303,1.85
720,3.4172943,1.82
721,2.7857623,1.87
722,3.281112,1.83
723,2.1162646,2.08
724,2.9948485,2.03
725,2.805008,2.11
726,2.9436464,1.66
727,3.015776,1.86
728,2.8508527,1.78
729,3.2359848,1.98
730,2.400709,1.9
731,2.495351,1.74
732,2.132697,1.72
733,3.057937,2.01
734,2.3933582,1.75
735,2.6451478,2.08
736,2.525175,2.06
737,3.1806457,2.06
738,2.5813107,1.84
739,3.2536614,1.86
740,3.344141,1.85
741,3.1180863,1.85
742,3.4219112,1.83
743,3.2218952,1.84
744,2.991529,1.83
745,2.5413291,1.78
746,2.874859,1.8
747,2.3731813,2.03
748,3.4641786,1.88
749,3.2623158,1.85
750,2.923208,1.7
751,3.0708039,1.85
752,2.2095516,1.93
753,2.9669867,1.75
754,2.6556566,1.75
755,3.3559465,1.86
756,2.7223165,2.04
757,2.6278186,1.67
758,3.0106797,1.93
759,2.5921118,1.92
760,3.0790868,1.88
761,3.0558958,1.93
762,2.6453042,2.01
763,2.9981132,1.93
764,2.539666,1.94
765,2.8695464,1.85
766,2.5212748,1.81
767,2.9820735,1.96
768,2.9500062,2.08
769,2.9432375,1.88
770,2.1545143,1.81
771,3.051879,1.93
772,2.904257,2.08
773,2.7834215,1.77
774,2.7862213,1.91
775,2.5954676,1.86
776,2.5599153,1.75
777,3.2575893,1.77
