id,pred_y,target_y
0,875.0838,270.0
1,1671.74,1881.0
2,1940.0702,1913.0
3,1900.3689,1936.0
4,1025.5325,283.0
5,1953.0607,1960.0
6,1961.8895,1973.0
7,1891.2952,1919.0
8,1153.4222,300.0
9,1958.2487,1933.0
10,1955.7765,1972.0
11,1890.4794,1762.0
12,1950.173,1962.0
13,1904.7417,1920.0
14,1953.4717,1968.0
15,1957.9211,1964.0
16,1949.5187,1954.0
17,1937.18,1951.0
18,1951.6996,1963.0
19,1748.0485,1919.0
20,1948.5259,1992.0
21,1955.1277,1890.0
22,1902.1172,1884.0
23,1958.4762,1962.0
24,1943.849,1949.0
25,1949.2621,1993.0
26,1934.7855,1841.0
27,1756.1495,1921.0
28,1936.0879,1899.0
29,1883.184,1971.0
30,1777.6589,1821.0
31,1908.067,1981.0
32,1921.968,1975.0
33,1924.7413,1907.0
34,1918.5155,1899.0
35,1903.1138,1925.0
36,1960.4623,1977.0
37,1958.1306,1983.0
38,1956.7434,1989.0
39,1960.6298,1988.0
40,1961.598,1987.0
41,1941.4443,1986.0
42,1920.837,1949.0
43,1946.3711,1949.0
44,1958.5419,1971.0
45,1950.313,1956.0
46,1959.4691,1956.0
47,1959.16,1983.0
48,1959.8523,1962.0
49,1929.1088,1925.0
50,1929.4674,1899.0
51,1956.4967,1994.0
52,1960.2756,1952.0
53,1950.9679,1928.0
54,1629.3585,1735.0
55,1921.8176,1953.0
56,1960.9534,1987.0
57,1859.4343,1928.0
58,1947.4618,1952.0
59,1941.6085,1941.0
60,1960.4943,1966.0
61,1891.6224,1977.0
62,1942.6588,1963.0
63,1949.861,1946.0
64,1913.993,1917.0
65,1938.2113,1924.0
66,1921.0255,1942.0
67,1940.2472,1951.0
68,1960.4822,1964.0
69,1920.2189,1979.0
70,1949.8323,1943.0
71,1903.1055,1947.0
72,1668.673,1815.0
73,1829.0724,1902.0
74,1949.9078,1945.0
75,1947.495,1981.0
76,1961.7667,1957.0
77,1951.6387,1987.0
78,1959.4835,1958.0
79,1900.3993,1970.0
80,1954.0254,1976.0
81,1955.2283,1956.0
82,1604.749,1909.0
83,1920.6957,1976.0
84,1935.8579,1915.0
85,1939.9514,1976.0
86,1929.8562,1923.0
87,1956.5995,1965.0
88,1960.2003,1967.0
89,1959.6553,1944.0
90,1953.9531,1970.0
91,1954.2535,1970.0
92,1960.1508,1968.0
93,1954.6478,1971.0
94,1890.5928,1961.0
95,1946.2284,1966.0
96,1908.207,1944.0
97,1904.367,1952.0
98,1960.0057,1981.0
99,1960.8967,1976.0
100,1938.1202,1959.0
101,1876.7924,1925.0
102,1947.3615,1944.0
103,1900.1417,1931.0
104,1853.9647,1987.0
105,1928.9021,1912.0
106,1957.4822,1961.0
107,1945.4331,1978.0
108,1958.6304,1970.0
109,1953.5284,1951.0
110,1956.4502,1963.0
111,1957.2083,1970.0
112,1958.1082,1969.0
113,1904.1449,1931.0
114,1698.4221,1758.0
115,1959.8296,1976.0
116,1953.437,1975.0
117,1961.07,1994.0
118,1961.289,1978.0
119,1958.2515,1983.0
120,1952.1893,1925.0
121,1947.9941,1936.0
122,1959.4464,1952.0
123,1948.3062,1927.0
124,1930.6395,1966.0
125,1942.7977,1962.0
126,1957.9753,1960.0
127,1960.8673,1990.0
128,1933.9336,1885.0
129,1943.0297,1984.0
130,1933.1456,1973.0
131,1958.9125,1959.0
132,1955.8796,1941.0
133,1944.0465,1932.0
134,1958.9763,1958.0
135,1957.3385,1922.0
136,1936.572,1921.0
137,1960.7534,1925.0
138,1907.8882,1939.0
139,1871.9369,1908.0
140,1955.0571,1965.0
141,1958.8928,1977.0
142,1742.2913,1741.0
143,1887.2021,1804.0
144,1958.9861,1984.0
145,1946.6649,1939.0
146,1959.9083,1987.0
147,1959.1565,1987.0
148,1953.064,1952.0
149,1868.7897,1808.0
150,1956.449,1928.0
151,1948.3328,1931.0
152,1958.6401,1899.0
153,1938.5524,1963.0
154,1877.6631,1976.0
155,1917.2217,1902.0
156,1940.2665,1958.0
157,1774.359,1732.0
158,1929.3827,1901.0
159,1951.2279,1981.0
160,1951.3125,1987.0
161,1952.7694,1957.0
162,1954.8265,1970.0
163,1951.1755,1977.0
164,1959.4962,1987.0
165,1870.8707,1976.0
166,1960.4552,1989.0
167,1914.6696,1936.0
168,1922.9982,1894.0
169,1933.5137,1968.0
170,1930.5577,1976.0
171,1578.5559,1568.0
172,1940.8395,1960.0
173,1953.9349,1941.0
174,1947.0763,1980.0
175,1955.306,1945.0
176,1929.1621,1959.0
177,1955.9443,1946.0
178,1957.3983,1966.0
179,1960.9858,1950.0
180,1958.7073,1987.0
181,1952.663,1980.0
182,1929.6246,1950.0
183,1949.5248,1956.0
184,1949.4922,1974.0
185,1956.9396,1964.0
186,1934.4465,1937.0
187,1880.6946,1928.0
188,1945.6434,1943.0
189,1906.725,1685.0
190,1950.9161,1952.0
191,1949.6589,1984.0
192,1961.4917,1979.0
193,1915.8055,1881.0
194,1954.8131,1985.0
195,1922.9857,1924.0
196,1951.8855,1953.0
197,1956.6713,1900.0
198,1948.8652,1907.0
199,1905.1693,1907.0
200,1887.193,1925.0
201,1952.4493,1970.0
202,861.7514,1770.0
203,1954.2866,1988.0
204,1911.0804,1830.0
205,1951.1566,1960.0
206,1939.8112,1977.0
207,1960.6217,1936.0
208,1960.8632,1968.0
209,1951.5243,1992.0
210,1956.0974,1985.0
211,1958.8066,1989.0
212,1939.8221,1978.0
213,1933.3464,1930.0
214,1953.4132,1990.0
215,1879.1105,1987.0
216,1958.103,1982.0
217,1947.2755,1975.0
218,1952.2446,1883.0
219,1951.7937,1984.0
220,1958.1481,1981.0
221,1960.0968,1970.0
222,1961.6207,1987.0
223,1942.1809,1988.0
224,1944.1255,1985.0
225,1960.0863,1978.0
226,1955.6605,1973.0
227,1958.9087,1989.0
228,1958.828,1975.0
229,1954.9172,1958.0
230,1956.4727,1973.0
231,1943.027,1971.0
232,1962.3423,1985.0
233,1913.2999,1913.0
234,1959.2551,1975.0
235,1951.0343,1980.0
236,1958.896,1978.0
237,1936.3733,1980.0
238,1923.7438,1977.0
239,1957.199,1965.0
240,1954.9136,1971.0
241,1959.1785,1970.0
242,1960.473,1985.0
243,1957.6737,1972.0
244,1960.0559,1983.0
245,1959.7307,1957.0
246,1955.2211,1967.0
247,1959.3208,1991.0
248,1955.708,1967.0
249,1906.2542,1914.0
250,1951.923,1984.0
251,1955.675,1951.0
252,1951.1407,1922.0
253,1951.7433,1947.0
254,1897.3021,1968.0
255,1922.0103,1934.0
256,1958.4298,1955.0
257,1950.3534,1940.0
258,1728.7539,1655.0
259,1849.7524,1816.0
260,1945.9963,1989.0
261,1949.5587,1963.0
262,1834.1852,1871.0
263,1919.3677,1944.0
264,1945.7653,1930.0
265,1961.2769,1983.0
266,1959.5085,1945.0
267,1955.8364,1966.0
268,1961.6034,1973.0
269,1953.9436,1978.0
270,1959.1681,1977.0
271,1952.7738,1941.0
272,1959.7675,1962.0
273,1960.8075,1975.0
274,1684.763,1958.0
275,1956.953,1977.0
276,1959.2202,1980.0
277,1953.4115,1992.0
278,1960.9106,1937.0
279,1961.9879,1990.0
280,1958.5631,1969.0
281,1957.2709,1953.0
282,1955.0188,1943.0
283,1781.0249,1898.0
284,1958.5345,1961.0
285,1955.0955,1887.0
286,1870.8702,1988.0
287,1919.4486,1904.0
288,1960.1277,1961.0
289,1890.5328,1986.0
290,1960.0763,1990.0
291,1948.7504,1981.0
292,1957.823,1969.0
293,1960.8446,1968.0
294,1959.5466,1968.0
295,1685.5457,1882.0
296,1937.7874,1951.0
297,1949.4299,1982.0
298,1961.8098,1994.0
299,1952.5479,1971.0
300,1959.2532,1983.0
301,1950.9135,1968.0
302,1940.1768,1934.0
303,1893.5797,1893.0
304,1960.1448,1982.0
305,1846.0175,1802.0
306,1923.9753,1892.0
307,1949.5513,1924.0
308,1941.6016,1900.0
309,1956.3395,1968.0
310,1951.5562,1961.0
311,1914.016,1940.0
312,1926.975,1965.0
313,1895.6837,1969.0
314,1956.5153,1899.0
315,1953.4879,1966.0
316,1952.2433,1967.0
317,1927.344,1964.0
318,1958.5626,1992.0
319,1860.814,1965.0
320,1955.452,1965.0
321,1959.5583,1991.0
322,65.58612,1741.0
323,1949.549,1953.0
324,1961.1716,1965.0
325,1940.3381,1946.0
326,1962.2487,1988.0
327,1846.272,1864.0
328,1930.0933,1994.0
329,1937.9032,1953.0
330,1951.5177,1901.0
331,1946.4999,1993.0
332,1930.9918,1983.0
333,1928.7842,1858.0
334,1878.5387,1946.0
335,1961.4001,1975.0
336,1961.4944,1972.0
337,1955.3007,1958.0
338,1961.7274,1987.0
339,1952.8721,1951.0
340,1959.2732,1979.0
341,1922.7378,1911.0
342,1955.6046,1944.0
343,1941.0789,1922.0
344,1697.881,1829.0
345,1954.053,1995.0
346,1959.8699,1976.0
347,1878.2845,1913.0
348,1961.607,1973.0
349,1949.2618,1957.0
350,1901.1063,1942.0
351,1941.9805,1789.0
352,1903.9712,1894.0
353,1953.3691,1950.0
354,1951.5176,1925.0
355,1879.652,1932.0
356,1956.1174,1987.0
357,1926.1603,1928.0
358,1912.6348,1924.0
359,1959.7743,1976.0
360,1953.0946,1991.0
361,1961.0065,1990.0
362,1961.3071,1992.0
363,1960.3236,1993.0
364,1955.9406,1998.0
365,1955.4354,1931.0
366,1962.2917,1987.0
367,1958.8209,1977.0
368,1957.391,1962.0
369,1956.126,1975.0
370,1947.992,1973.0
371,1746.7095,1628.0
372,1956.6345,1895.0
373,1954.8756,1976.0
374,1956.5697,1939.0
375,1937.1913,1884.0
376,1954.9744,1991.0
377,1953.4001,1917.0
378,1948.7843,1924.0
379,1952.0233,1989.0
380,1960.7019,1984.0
381,1947.1024,1943.0
382,1946.7537,1932.0
383,1958.7786,1966.0
384,1936.1937,1954.0
385,1930.7112,1777.0
386,1960.2954,1991.0
387,1959.5422,1991.0
388,1960.198,1956.0
389,1948.7045,1987.0
390,1935.2478,1882.0
391,1938.1658,1921.0
392,1664.7257,1580.0
393,1729.7006,1667.0
394,1926.555,1964.0
395,1948.8589,1974.0
396,1960.9017,1973.0
397,1959.2477,1968.0
398,1957.7869,1971.0
399,1928.4514,1941.0
400,1961.8542,1952.0
401,1956.6218,1994.0
402,1961.8373,1929.0
403,1956.4636,1922.0
404,1946.3761,1923.0
405,1956.4065,1965.0
406,1951.4746,1917.0
407,1950.5682,1925.0
408,1950.1221,1972.0
409,1958.4254,1993.0
410,1959.7592,1988.0
411,1939.0209,1994.0
412,1918.6655,1928.0
413,1956.7483,1985.0
414,1906.8088,1829.0
415,1926.7815,1783.0
416,1934.5597,1907.0
417,1928.6471,1925.0
418,1902.6292,1880.0
419,1908.2911,1956.0
420,1894.357,1978.0
421,1957.3033,1947.0
422,1957.8082,1978.0
423,1952.8638,1976.0
424,1956.7086,1992.0
425,1954.6547,1972.0
426,1894.4116,1987.0
427,1944.2297,1993.0
428,1952.6045,1996.0
429,1882.2426,1825.0
430,1953.6085,1996.0
431,1958.5961,1980.0
432,1957.1907,1931.0
433,1943.6606,1962.0
434,1954.3586,1968.0
435,1957.5657,1969.0
436,1950.274,1955.0
437,1895.7264,1903.0
438,1958.1957,1959.0
439,1953.4402,1990.0
440,1940.9365,1991.0
441,1952.9299,1978.0
442,1949.4684,1957.0
443,1903.6893,1911.0
444,1955.3588,1991.0
445,1959.0632,1996.0
446,1943.7242,1982.0
447,1960.2585,1891.0
448,1884.4165,1956.0
449,1957.1278,1979.0
450,1954.4729,1991.0
451,1907.216,1885.0
452,1960.4314,1984.0
453,1941.6084,1977.0
454,1950.6613,1992.0
455,1959.4042,1991.0
456,1941.5908,1995.0
457,1936.1389,1966.0
458,1959.4607,1986.0
459,1927.3091,1892.0
460,1750.1526,1803.0
461,1956.9187,1950.0
462,1489.8918,1404.0
463,1953.2511,1971.0
464,1954.1796,1977.0
465,1960.1046,1990.0
466,1869.6888,1796.0
467,1625.6976,1697.0
468,1954.8148,1961.0
469,1947.2366,1977.0
470,1954.2574,1952.0
471,1956.1257,1977.0
472,1956.4691,1993.0
473,1957.8541,1981.0
474,1953.0135,1967.0
475,1928.4034,1812.0
476,1948.499,1959.0
477,1955.9738,1976.0
478,1951.4437,1995.0
479,1960.7037,1995.0
480,1892.4604,1889.0
481,1958.5797,1986.0
482,1961.4304,1992.0
483,1937.8761,1885.0
484,1895.6029,1946.0
485,1957.6895,1988.0
486,1941.6888,1936.0
487,1951.8147,1962.0
488,1954.1443,1952.0
489,1911.9905,1870.0
490,1960.3809,1977.0
491,1954.8666,1990.0
492,1928.2451,1941.0
493,1957.815,1961.0
494,1953.8936,1981.0
495,1936.8845,1943.0
496,1472.1086,1452.0
497,1918.3254,1873.0
498,1954.4933,1941.0
499,1955.6765,1930.0
500,1943.288,1956.0
501,1957.3163,1987.0
502,1952.1664,1983.0
503,1748.3761,1803.0
504,1950.6901,1980.0
505,1958.8834,1982.0
506,1959.389,1975.0
507,1946.0582,1976.0
508,1960.2548,1950.0
509,1955.0264,1960.0
510,1958.6256,1989.0
511,1958.0348,1991.0
512,1954.8938,1987.0
513,1950.3627,1993.0
514,1957.8572,1985.0
515,1954.3423,1974.0
516,1959.3599,1992.0
517,1951.3932,1991.0
518,1953.6,1958.0
519,1944.8171,1960.0
520,1954.8915,1959.0
521,1948.9164,1962.0
522,1952.8849,1979.0
523,1960.1906,1988.0
524,1958.2655,1992.0
525,1956.9847,1996.0
526,1949.077,1992.0
527,1890.4811,1915.0
528,1913.8534,1952.0
529,1915.1205,1830.0
530,1941.7455,1970.0
531,1959.9646,1984.0
532,1954.1503,1994.0
533,1933.4813,1954.0
534,1950.4735,1983.0
535,1956.0001,1963.0
536,1955.261,1965.0
537,1669.6783,1627.0
538,1939.9899,1990.0
539,1952.6449,1986.0
540,1959.7745,1983.0
541,1954.5043,1978.0
542,1959.3044,1992.0
543,1957.0272,1994.0
544,1958.3324,1995.0
545,1960.1927,1970.0
546,1961.07,1979.0
547,1949.0038,1947.0
548,1958.81,1987.0
549,1923.1626,1981.0
550,1939.3364,1980.0
551,1958.8746,1997.0
552,1955.1061,1998.0
553,1940.1074,1968.0
554,1957.8124,1947.0
555,1957.8235,1965.0
556,1954.8414,1961.0
557,1957.6544,1959.0
558,1952.2301,1959.0
559,1952.5598,1976.0
560,1958.5657,1979.0
561,1956.0916,1983.0
562,1960.8173,1989.0
563,1945.0598,1942.0
564,1957.8468,1983.0
565,1956.6515,1975.0
566,1961.0216,1964.0
567,1957.0739,1942.0
568,1890.2255,1905.0
569,1951.914,1971.0
570,1928.829,1912.0
571,1959.1156,1966.0
572,1960.3523,1990.0
573,1961.846,1977.0
574,1961.3942,1992.0
575,1952.995,1980.0
576,1940.684,1933.0
577,1947.6146,1981.0
578,1935.6106,1970.0
579,1941.0287,1963.0
580,1895.5656,1959.0
581,1930.5645,1969.0
582,1950.6754,1955.0
583,1914.8743,1974.0
584,1959.2944,1977.0
585,1954.6364,1974.0
586,1946.8293,1944.0
587,1947.6208,1962.0
588,1950.997,1992.0
589,1910.1996,1937.0
590,1844.2898,1992.0
591,1952.0354,1993.0
592,1864.3054,1975.0
593,1960.1454,1989.0
594,1945.7004,1971.0
595,1958.6266,1975.0
596,1940.6445,1996.0
597,1959.0264,1992.0
598,1952.165,1967.0
599,1912.3602,1979.0
600,1952.3953,1995.0
601,1959.9629,1977.0
602,1950.452,1961.0
603,1951.9082,1981.0
604,1677.7781,1593.0
605,1916.185,1959.0
606,1952.8251,1986.0
607,1934.4462,1887.0
608,1917.6404,1913.0
609,1620.7882,1600.0
610,1939.8542,1985.0
611,1734.917,1611.0
612,1961.6388,1987.0
613,1955.8595,1961.0
614,1959.6505,1997.0
615,1894.8768,1807.0
616,1953.9104,1972.0
617,1939.7499,1987.0
618,1956.0947,1964.0
619,1960.8474,1983.0
620,1961.3394,1989.0
621,1953.5983,1991.0
622,1946.9037,1942.0
623,1956.0859,1970.0
624,1944.7502,1970.0
625,1960.2876,1994.0
626,1962.094,1994.0
627,1846.2212,1997.0
628,1643.8801,1929.0
629,1961.1423,1966.0
630,1786.0015,1952.0
631,1950.0667,1990.0
632,1952.5204,1978.0
633,1950.8499,1985.0
634,1960.1757,1963.0
635,192.93631,540.0
636,1957.1494,1963.0
637,1796.4607,1817.0
638,1917.3529,1990.0
639,1955.3701,1971.0
640,1959.4745,1985.0
641,1962.4193,1966.0
642,1949.6396,1981.0
643,1925.9325,1996.0
644,1853.423,1989.0
645,1956.4435,1983.0
646,1957.9464,1985.0
647,1939.1799,1977.0
648,1955.2048,1967.0
649,1947.6707,1993.0
650,1957.181,1995.0
651,1944.2018,1991.0
652,1852.9874,1924.0
653,1956.8456,1970.0
654,1952.742,1976.0
655,1960.8428,1968.0
656,1952.1248,1978.0
657,1956.7554,1983.0
658,1925.2816,1973.0
659,1937.0381,1989.0
660,1929.2892,1992.0
661,1939.0226,1937.0
662,1955.1553,1934.0
663,1883.7253,1942.0
664,1952.2592,1948.0
665,1869.9644,1773.0
666,1915.0945,1831.0
667,1954.1926,1971.0
668,1941.7397,1928.0
669,1947.4518,1989.0
670,1940.1531,1987.0
671,1958.3245,1991.0
672,1958.468,1983.0
673,1949.8173,1985.0
674,1953.5394,1935.0
675,1922.6346,1970.0
676,1881.8184,1997.0
677,1825.6285,1987.0
678,1955.2009,1949.0
679,1935.5139,1950.0
680,1960.2915,1991.0
681,1933.2327,1920.0
682,1934.4081,1952.0
683,1953.7244,1894.0
684,1869.6577,1802.0
685,1959.4557,1959.0
686,1962.0537,1975.0
687,1955.4393,1977.0
688,1949.756,1997.0
689,1957.2212,1952.0
690,1951.9788,1947.0
691,1962.0779,1966.0
692,1952.2407,1955.0
693,1924.8582,1966.0
694,1925.2756,1932.0
695,1913.1073,1975.0
696,1935.7064,1890.0
697,1941.9783,1921.0
698,1928.8018,1991.0
699,1959.9598,1982.0
700,1932.2216,1941.0
701,1944.4722,1980.0
702,1642.2747,1932.0
703,1942.4761,1924.0
704,1955.4418,1979.0
705,1947.7018,1928.0
706,1860.8204,2000.0
707,1935.9153,1957.0
708,1934.3688,1919.0
709,1845.4028,1816.0
710,1952.7657,1906.0
711,1955.6224,1974.0
712,1962.3126,1982.0
713,1914.3662,1896.0
714,1901.7968,1982.0
715,1959.8362,1997.0
716,1954.1786,1977.0
717,1945.0625,1927.0
718,1954.4943,1980.0
719,1700.1974,1606.0
720,1959.2311,1994.0
721,1948.114,1982.0
722,1959.2024,1983.0
723,1956.5769,1997.0
724,1803.2059,1601.0
725,1956.8958,1997.0
726,1959.3655,1997.0
727,1865.3616,1931.0
728,1951.4832,1987.0
729,1937.654,1910.0
730,1935.1392,1988.0
731,1941.3735,1965.0
732,1959.184,1972.0
733,1924.4945,1970.0
734,1929.0151,1943.0
735,1961.4493,1991.0
736,1954.1198,1969.0
737,1957.756,1995.0
738,1947.9752,1929.0
739,1947.1783,1953.0
740,1874.0879,1996.0
741,1961.1619,1983.0
742,1957.6786,1979.0
743,1959.9299,1993.0
744,1756.842,1900.0
745,1936.1293,1926.0
746,1959.006,1973.0
747,1940.1201,1936.0
748,1960.1311,1958.0
749,1949.9761,1948.0
750,1947.2198,1960.0
751,1941.9156,1985.0
752,1956.2639,1977.0
753,1956.4438,1949.0
754,1951.9509,1998.0
755,1956.0132,1998.0
756,1934.3273,1999.0
757,1943.8535,1997.0
758,1950.3417,1993.0
759,1953.4237,1964.0
760,1956.3906,1965.0
761,1947.6781,1961.0
762,1832.3584,1912.0
763,1960.6714,1928.0
764,1939.5522,1951.0
765,1952.3411,1952.0
766,1948.933,1949.0
767,1956.04,1994.0
768,1944.9988,1932.0
769,1956.7473,1961.0
770,1958.7711,1975.0
771,1957.308,1996.0
772,1960.9133,1996.0
773,1959.4846,1975.0
774,1957.2976,1965.0
775,1959.2488,1969.0
776,1950.7124,1942.0
777,1950.6117,1995.0
778,1953.8206,1995.0
779,1940.3883,1925.0
780,1957.3656,1983.0
781,1943.7587,1963.0
782,1916.2842,1978.0
783,1958.8619,1989.0
784,1959.3684,1977.0
785,1955.6832,1940.0
786,1878.1272,1988.0
787,1950.8126,1980.0
788,1950.8455,1988.0
789,1903.0507,1849.0
790,1949.9976,1973.0
791,1926.5629,1994.0
792,1958.7079,1993.0
793,1960.5305,1986.0
794,1801.4288,1613.0
795,1938.7386,1972.0
796,1961.5236,1974.0
797,1942.8959,1940.0
798,1915.2092,1888.0
799,1721.4868,1984.0
800,1961.6445,1979.0
801,1910.7307,1987.0
802,1960.7284,1981.0
803,1961.6968,1948.0
804,1946.6033,1960.0
805,1958.0773,1983.0
806,1962.1506,1983.0
807,1956.0101,1960.0
808,1961.1652,1932.0
809,1951.1783,1974.0
810,1959.7705,1979.0
811,1956.4738,1989.0
812,1948.7151,1945.0
813,1908.2689,1926.0
814,1947.5494,1840.0
815,1365.7218,1564.0
816,1958.5568,1990.0
817,1636.7463,1762.0
818,1283.849,1882.0
819,1958.0741,1988.0
820,1950.6447,1982.0
821,1889.9138,1812.0
822,1956.0273,1898.0
823,1922.7662,1986.0
824,1950.3524,1982.0
825,1957.1919,1966.0
826,1949.8562,1971.0
827,1946.4116,1917.0
828,1956.2651,1990.0
829,1926.1815,1934.0
830,1955.6515,1990.0
831,1959.6965,1948.0
832,1751.7498,1466.0
833,1957.5543,1935.0
834,1893.0787,1924.0
835,1928.5562,1955.0
836,1459.98,1557.0
837,1961.3086,1976.0
838,1961.0826,1977.0
839,1901.5227,1976.0
840,1845.1681,1921.0
841,1957.4524,1959.0
842,1956.0238,1969.0
843,1908.1932,1902.0
844,1911.3319,1975.0
845,1940.609,1970.0
846,1724.9187,1756.0
847,1956.5895,1990.0
848,1956.7734,1970.0
849,1958.405,1956.0
850,1948.5488,1963.0
851,1956.804,1970.0
852,1961.346,1936.0
853,1917.1083,1939.0
854,1717.5109,1616.0
855,1960.7454,1966.0
856,1960.8032,1994.0
857,1954.2894,1967.0
858,1749.934,1980.0
859,1957.1422,1944.0
860,1955.3265,1913.0
861,1916.5907,1970.0
862,1954.4897,1966.0
863,1947.0796,1921.0
864,1961.7618,1992.0
865,1617.9062,1964.0
866,1952.5665,1962.0
867,1960.0133,1990.0
868,1958.2805,1969.0
869,1486.3762,1646.0
870,1938.6104,1923.0
871,1951.6334,1919.0
872,1950.4849,1975.0
873,1874.1398,1902.0
874,1960.8109,1961.0
875,1919.6542,1979.0
876,1948.1903,1955.0
877,1882.2843,296.0
878,1959.6304,1970.0
879,1954.8251,1957.0
880,1958.8827,1970.0
881,1941.3289,1977.0
882,1956.7543,1980.0
883,1956.768,1972.0
884,1953.0782,1913.0
885,1956.2822,1970.0
886,1949.9484,1955.0
887,1909.8232,1943.0
888,1960.7178,1964.0
889,1958.3293,1973.0
890,1958.52,1980.0
891,1958.7356,1971.0
892,1956.1066,1985.0
893,1952.5585,1904.0
894,1960.0471,1940.0
895,1938.2952,1942.0
896,1943.8756,1944.0
897,1951.3298,1958.0
898,1952.5806,1925.0
899,1958.2754,1961.0
900,1945.0638,1960.0
901,1929.7985,1987.0
902,1677.3451,1784.0
903,1961.4592,1983.0
904,1929.6184,1951.0
905,1946.2408,1928.0
906,1957.0917,1967.0
907,1958.3787,1939.0
908,1921.8419,1928.0
909,1898.2826,1979.0
910,1929.4326,1901.0
911,1959.7448,1972.0
912,1911.7776,1991.0
913,1945.945,1989.0
914,1959.3704,1977.0
915,1943.5892,1983.0
916,1959.9528,1962.0
917,1807.6666,1912.0
918,1958.2062,1957.0
919,1939.6476,1939.0
920,1933.8256,1998.0
921,1958.5759,1956.0
922,1959.6572,1970.0
923,1957.381,1981.0
924,1919.7195,1969.0
925,1961.9366,1982.0
926,1929.7029,1953.0
927,1905.8463,1922.0
928,1957.425,1927.0
929,1939.3218,1933.0
930,1956.0636,1946.0
931,1900.9237,1937.0
932,1958.7784,1986.0
933,1904.7072,1968.0
934,1958.7738,1945.0
935,1957.1821,1989.0
936,1924.094,1908.0
937,1853.0363,1966.0
938,1918.8868,1913.0
939,1623.6537,1589.0
940,1950.6266,1969.0
941,1894.493,1945.0
942,1931.4645,1980.0
943,1958.836,1958.0
944,1908.0303,1987.0
945,1958.3711,1961.0
946,1942.1438,1975.0
947,1951.6642,1957.0
948,1959.0228,1951.0
949,1948.1509,1988.0
950,1939.5586,1925.0
951,1769.6355,1938.0
952,1941.935,1893.0
953,1955.4456,1974.0
954,1959.4583,1957.0
955,1959.9979,1967.0
956,1950.3743,1980.0
957,1956.6539,1975.0
958,1919.0652,1922.0
959,1925.403,1910.0
960,1832.5012,1957.0
961,1938.4535,1912.0
962,1949.1426,1923.0
963,1886.9347,1946.0
964,1954.7832,1957.0
965,1835.52,1936.0
966,1954.081,1848.0
967,1636.925,1700.0
968,1954.0087,1980.0
969,1946.5728,1924.0
970,1915.3793,1962.0
971,1853.0769,1935.0
972,1932.7908,1912.0
973,1603.406,1555.0
974,1718.4923,1613.0
975,1950.3105,1950.0
976,1959.1772,1952.0
977,1960.4005,1944.0
978,1960.4966,1982.0
979,1953.8999,1984.0
980,1947.2333,1954.0
981,1952.5549,1944.0
982,1957.5748,1972.0
983,1954.2526,1951.0
984,1959.1594,1953.0
985,1957.5925,1956.0
986,1950.0715,1940.0
987,1955.1832,1938.0
988,1953.659,1979.0
989,1959.3396,1943.0
990,1956.5104,1925.0
991,1924.6622,1831.0
992,1945.1317,1944.0
993,1944.7406,1996.0
994,1957.1176,1913.0
995,1954.4153,1938.0
996,1933.2494,1932.0
997,1954.7653,1982.0
998,1937.8575,1920.0
999,1961.8718,1991.0
1000,1424.5934,1974.0
1001,1922.3325,1929.0
1002,1930.1677,1888.0
1003,1946.6726,1947.0
1004,1956.4669,1936.0
1005,1865.5782,1948.0
1006,1951.7926,1957.0
1007,1961.2227,1986.0
1008,1962.0046,1985.0
1009,1930.1957,1926.0
1010,1887.1234,1904.0
1011,1894.1989,1948.0
1012,1950.8253,1973.0
1013,1954.9037,1947.0
1014,1946.6517,1972.0
1015,1917.2358,1985.0
1016,1955.723,1980.0
1017,1738.13,1674.0
1018,1940.6589,1951.0
1019,1812.7998,1526.0
1020,1954.839,1964.0
1021,1950.718,1945.0
1022,1957.6027,1986.0
1023,1951.0333,1970.0
1024,1948.1083,1951.0
1025,1961.1161,1974.0
1026,1925.6235,1966.0
1027,1950.138,1973.0
1028,1960.6683,1983.0
1029,1855.3591,1885.0
1030,1945.6653,1958.0
1031,1935.2834,1948.0
1032,1957.2036,1978.0
1033,1956.3585,1979.0
1034,1952.477,1969.0
1035,1951.6746,1973.0
1036,1957.9812,1930.0
1037,1946.9246,1977.0
1038,1912.6523,1954.0
1039,1946.2379,1965.0
1040,1954.5642,1923.0
1041,1948.3971,1978.0
1042,1959.5571,1979.0
1043,1949.834,1987.0
1044,1949.5239,1976.0
1045,1943.422,1898.0
1046,1876.2279,1960.0
1047,1959.0933,1971.0
1048,1957.2716,1980.0
1049,1855.4233,1989.0
1050,1947.4304,1964.0
1051,1939.1594,1982.0
1052,1960.7001,1966.0
1053,1920.711,1882.0
1054,1953.3009,1940.0
1055,1852.094,1826.0
1056,1949.7839,1963.0
1057,1810.1998,1943.0
1058,1957.8304,1949.0
1059,1959.613,1970.0
1060,1959.6765,1967.0
1061,1947.7822,1976.0
1062,1952.6704,1991.0
1063,1961.2008,1964.0
1064,1958.27,1969.0
1065,1943.1649,1971.0
1066,1961.8401,1987.0
1067,1642.9865,1928.0
1068,1943.6674,1963.0
1069,1959.238,1959.0
1070,1946.7351,1978.0
1071,1899.473,1974.0
1072,1927.4093,1972.0
1073,1956.2817,1964.0
1074,1719.8971,1981.0
1075,1946.0405,1902.0
1076,1932.2722,1963.0
1077,1947.3198,1983.0
1078,1957.5845,1985.0
1079,1959.8279,1970.0
1080,1960.6649,1970.0
1081,1948.7657,1954.0
1082,1909.9592,1699.0
1083,1949.1567,1922.0
1084,1962.036,1982.0
1085,1945.6823,1956.0
1086,1955.2295,1974.0
1087,1936.1351,1925.0
1088,1955.2474,1991.0
1089,1958.9742,1951.0
1090,1956.5011,1954.0
1091,1940.2872,1985.0
1092,1912.4243,1839.0
1093,1956.9384,1977.0
1094,1929.0121,1975.0
1095,1958.5651,1979.0
1096,1956.931,1990.0
1097,1875.4668,1749.0
1098,1959.4885,1975.0
1099,1930.3378,1960.0
1100,1961.3877,1972.0
1101,1945.5159,1991.0
1102,1954.1501,1979.0
1103,1943.9012,1967.0
1104,1951.9333,1985.0
1105,1939.8251,1753.0
1106,1960.3473,1965.0
1107,1955.297,1941.0
1108,1914.8905,1725.0
1109,1949.7532,1993.0
1110,1953.9048,1966.0
1111,1948.7633,1979.0
1112,1948.1819,1780.0
1113,1956.2504,1944.0
1114,1962.2598,1957.0
1115,1904.8036,1925.0
1116,1947.3903,1964.0
1117,1957.1447,1978.0
1118,1949.3805,1963.0
1119,1941.6318,1951.0
1120,1902.3176,1948.0
1121,1946.1377,1934.0
1122,1957.532,1968.0
1123,1961.3959,1971.0
1124,1957.4747,1968.0
1125,1958.5815,1979.0
1126,1950.0278,1983.0
1127,1950.3716,1963.0
1128,1956.6047,1904.0
1129,1939.3687,1973.0
1130,1877.2493,1839.0
1131,1958.4817,1987.0
1132,1957.0758,1968.0
1133,1932.6539,1934.0
1134,1958.2571,1968.0
1135,1917.6224,1985.0
1136,1943.4648,1985.0
1137,1957.8197,1988.0
1138,1955.3539,1977.0
1139,1958.9186,1953.0
1140,1949.7173,1950.0
1141,1962.1705,1958.0
1142,1957.6439,1979.0
1143,1951.675,1983.0
1144,1952.9137,1980.0
1145,1873.3779,1936.0
1146,1956.9902,1944.0
1147,1962.1437,1968.0
1148,1955.9515,1931.0
1149,1945.1085,1945.0
1150,1958.5249,1958.0
1151,1961.9755,1984.0
1152,1946.1232,1979.0
1153,1960.732,1980.0
1154,1948.8011,1978.0
1155,1957.3827,1944.0
1156,1956.9462,1984.0
1157,1948.8414,1987.0
1158,1958.9171,1960.0
1159,1954.718,1938.0
1160,1953.9156,1935.0
1161,1940.2191,1957.0
1162,1959.2493,1968.0
1163,1957.7633,1970.0
1164,1921.599,1977.0
1165,1950.7692,1934.0
1166,1959.1729,1971.0
1167,1951.026,1981.0
1168,1931.9045,1924.0
1169,1721.8342,1596.0
1170,1918.0391,1956.0
1171,1939.9043,1909.0
1172,1895.4166,1940.0
1173,1957.1716,1976.0
1174,1945.5576,1973.0
1175,1904.8384,1982.0
1176,1940.1766,1997.0
1177,1955.6083,1978.0
1178,1945.6897,1982.0
1179,1914.832,1979.0
1180,1959.9524,1972.0
1181,1952.4874,1978.0
1182,1922.142,1961.0
1183,1957.2109,1973.0
1184,1928.794,1944.0
1185,1957.779,1973.0
1186,1948.3384,1982.0
1187,1945.7375,1910.0
1188,1839.7365,1692.0
1189,1961.8787,1957.0
1190,1935.256,1925.0
1191,1942.9897,1893.0
1192,1956.6149,1980.0
1193,1920.7659,1894.0
1194,1936.3384,1901.0
1195,1940.9395,1926.0
1196,1951.7336,1946.0
1197,1940.5361,1983.0
1198,1889.0758,1980.0
1199,1909.7399,1980.0
1200,1922.2887,1903.0
1201,1928.3925,1971.0
1202,1957.4122,1959.0
1203,1934.7594,1969.0
1204,1945.233,1990.0
1205,1951.9467,1986.0
1206,1771.376,1940.0
1207,1954.126,1976.0
1208,1954.3218,1968.0
1209,1954.1023,1952.0
1210,1955.1138,1987.0
1211,1961.9349,1956.0
1212,1936.8958,1957.0
1213,1942.7639,1943.0
1214,1954.7205,1971.0
1215,1481.0376,1431.0
1216,1961.4706,1940.0
1217,1957.6777,1946.0
1218,1905.1912,1908.0
1219,1943.7477,1974.0
1220,1955.8428,1936.0
1221,1901.2241,1887.0
1222,1960.2672,1992.0
1223,1952.4513,1967.0
1224,1837.2603,1874.0
1225,1855.9677,1895.0
1226,1752.7408,1864.0
1227,1949.0563,1999.0
1228,1935.8523,1966.0
1229,1928.9437,1954.0
1230,1901.6416,1878.0
1231,1659.5885,1883.0
1232,1924.8398,1893.0
1233,1947.4336,1963.0
1234,1931.0952,1928.0
1235,1954.2024,1931.0
1236,1960.8179,1978.0
1237,1954.444,1892.0
1238,1927.8896,1863.0
1239,1958.9357,1964.0
1240,1950.9446,1973.0
1241,1956.4155,1957.0
1242,1935.0743,1975.0
1243,1951.3771,1901.0
1244,1954.275,1978.0
1245,1937.9093,1957.0
1246,1957.2075,1980.0
1247,1899.2917,1930.0
1248,1867.442,1887.0
1249,1933.4365,1957.0
1250,1939.1455,1975.0
1251,1957.4036,1939.0
1252,1920.7727,1941.0
1253,1957.5288,1932.0
1254,1952.2694,1956.0
1255,1935.5228,1961.0
1256,1957.8136,1980.0
1257,1947.5365,1987.0
1258,1825.4668,1881.0
1259,1961.6631,1980.0
1260,1948.5497,1953.0
1261,1958.2698,1937.0
1262,1962.378,1967.0
1263,1947.1227,1933.0
1264,1952.2834,1964.0
1265,1960.8594,1963.0
1266,1906.8239,1913.0
1267,1815.1953,1724.0
1268,1852.6486,1744.0
1269,1817.8256,1811.0
1270,1957.0504,1985.0
1271,1941.5969,1971.0
1272,1951.8016,1969.0
1273,1947.8704,1965.0
1274,1927.7964,1987.0
1275,1942.8984,1948.0
1276,1958.8955,1977.0
1277,1949.1068,1960.0
1278,1950.5714,1984.0
1279,1699.1145,1773.0
1280,1699.1427,1630.0
1281,1901.6792,1901.0
1282,1939.7389,1973.0
1283,1941.839,1975.0
1284,1942.6184,1959.0
1285,1960.4161,1989.0
1286,1959.9335,1986.0
1287,1936.6936,1920.0
1288,1942.3989,1979.0
1289,1912.8496,1934.0
1290,1881.7467,1963.0
1291,1952.9408,1939.0
1292,1957.6637,1964.0
1293,1944.5337,1941.0
1294,1953.3655,1971.0
1295,1927.7587,1991.0
1296,1962.1095,1960.0
1297,1954.6837,1973.0
1298,1950.8188,1968.0
1299,1936.1506,1954.0
1300,1957.7091,1964.0
1301,1950.4476,1960.0
1302,1958.091,1970.0
1303,1953.1166,1963.0
1304,1956.4342,1957.0
1305,1923.2883,1984.0
1306,1952.4764,1961.0
1307,1960.8237,1970.0
1308,1926.7828,1894.0
1309,1954.8951,1964.0
1310,1932.156,1943.0
1311,1929.5161,1975.0
1312,1933.526,1907.0
1313,1906.7733,1834.0
1314,1932.5441,1897.0
1315,1960.8882,1986.0
1316,1925.745,1967.0
1317,1866.0865,1773.0
1318,1958.5681,1956.0
1319,1957.931,1975.0
1320,1960.1482,1975.0
1321,1934.2646,1919.0
1322,1934.4352,1928.0
1323,1903.7902,1817.0
1324,1960.4894,1987.0
1325,1943.9133,1981.0
1326,1956.4874,1969.0
1327,1949.5791,1964.0
1328,1924.5396,1984.0
1329,1953.0721,1946.0
1330,1926.1091,1949.0
1331,1948.1138,1979.0
1332,1898.9044,1887.0
1333,1959.3563,1966.0
1334,1877.6188,1934.0
1335,1931.8235,1840.0
1336,1957.399,1964.0
1337,1951.4551,1988.0
1338,1960.3947,1965.0
1339,1857.1257,1630.0
1340,1935.971,1967.0
1341,1946.7468,1941.0
1342,1921.014,1956.0
1343,1954.4071,1984.0
1344,1959.2206,1956.0
1345,1953.8871,1983.0
1346,1945.2637,1901.0
1347,1944.1477,1985.0
1348,1953.7119,1992.0
1349,1959.1647,1990.0
1350,1922.8524,1937.0
1351,1948.9283,1988.0
1352,1786.2094,1771.0
1353,1944.1387,1942.0
1354,1954.3824,1920.0
1355,1920.3007,1949.0
1356,1693.0842,1706.0
1357,1902.2188,1894.0
1358,1928.2899,1964.0
1359,1922.545,1966.0
1360,1867.2448,1888.0
1361,1938.0245,1972.0
1362,1958.7128,1969.0
1363,1956.3738,1974.0
1364,1936.5131,1969.0
1365,1913.9658,1927.0
1366,1957.897,1945.0
1367,1927.5074,1927.0
1368,1953.5782,1951.0
1369,1955.402,1935.0
1370,1949.6047,1974.0
1371,1962.0186,1984.0
1372,1769.6737,1617.0
1373,1704.2878,1943.0
1374,1943.641,1993.0
1375,1918.9047,1947.0
1376,1938.1759,1943.0
1377,1961.687,1974.0
1378,1959.5581,1979.0
1379,1955.967,1979.0
1380,1939.2987,1978.0
1381,1954.1488,1909.0
1382,1960.7155,1978.0
1383,1959.6207,1957.0
1384,1960.5918,1985.0
1385,1958.5822,1948.0
1386,1955.5123,1975.0
1387,1954.1055,1980.0
1388,1949.94,1957.0
1389,1941.2928,1943.0
1390,1930.4636,1930.0
1391,1952.4072,1983.0
1392,1947.8916,1981.0
1393,1946.8203,1889.0
1394,1953.28,1966.0
1395,1932.0032,1906.0
1396,1959.1042,1969.0
1397,1959.2434,1969.0
1398,1954.4567,1933.0
1399,1940.901,1931.0
1400,1954.6802,1944.0
1401,1950.121,1955.0
1402,1948.5469,1983.0
1403,1959.3,1931.0
1404,1955.7076,1975.0
1405,1954.5764,1965.0
1406,1962.2305,1980.0
1407,1926.4675,1977.0
1408,1946.6384,1876.0
1409,1940.0333,1984.0
1410,1882.7776,1925.0
1411,1959.4235,1930.0
1412,1961.939,1971.0
1413,1960.2268,1972.0
1414,1330.1685,1481.0
1415,1871.3418,1820.0
1416,1846.3577,1881.0
1417,1950.6504,1949.0
1418,1932.1113,1943.0
1419,1962.0299,1984.0
1420,1954.4597,1908.0
1421,1915.1613,1939.0
1422,1866.2848,1909.0
1423,1954.29,1971.0
1424,1828.0875,1945.0
1425,1934.0853,1888.0
1426,1956.9653,1988.0
1427,1956.1677,1986.0
1428,1944.9645,1985.0
1429,1959.0565,1979.0
1430,1959.0155,1947.0
1431,1931.6886,1978.0
1432,1953.5282,1971.0
1433,1957.2422,1980.0
1434,1956.1134,1942.0
1435,1957.1079,1990.0
1436,1953.0498,1912.0
1437,1957.2871,1973.0
1438,1950.9105,1974.0
1439,1954.5376,1986.0
1440,1929.1052,1972.0
1441,1957.5483,1974.0
1442,1960.207,1991.0
1443,1940.2229,1894.0
1444,1955.6755,1987.0
1445,1917.8627,1839.0
1446,1943.208,1985.0
1447,1821.1382,1900.0
1448,1906.453,1815.0
1449,1933.7092,1899.0
1450,1887.9323,1825.0
1451,1946.8254,1978.0
1452,1906.0878,1858.0
1453,1902.446,1830.0
1454,1950.6171,1975.0
1455,1953.0997,1971.0
1456,1951.4481,1948.0
1457,1955.9624,1924.0
1458,1958.7053,1972.0
1459,1957.1322,1974.0
1460,1952.9607,1936.0
1461,1929.1766,1966.0
1462,1958.9329,1964.0
1463,1950.4751,1967.0
1464,1926.6113,1969.0
1465,1914.6802,1926.0
1466,1936.4559,1965.0
1467,1939.1375,1937.0
1468,1956.9786,1953.0
1469,1924.394,1992.0
1470,1678.4634,1598.0
1471,1943.9684,1895.0
1472,1938.619,1984.0
1473,1960.4723,1978.0
1474,1944.9398,1952.0
1475,1953.9191,1968.0
1476,1936.9661,1917.0
1477,1944.7617,1945.0
1478,1928.4163,1984.0
1479,1906.6221,1857.0
1480,1605.39,1447.0
1481,1950.0071,1924.0
1482,1945.9329,1949.0
1483,1934.812,1990.0
1484,1956.4746,1964.0
1485,1914.4652,1965.0
1486,1954.9492,1965.0
1487,1948.6031,1986.0
1488,1887.304,1911.0
1489,1945.6783,1971.0
1490,1916.3584,1928.0
1491,1941.326,1987.0
1492,1890.487,1926.0
1493,1940.2493,1974.0
1494,1947.0928,1924.0
1495,1952.6036,1906.0
1496,1958.6776,1971.0
1497,1953.6425,1972.0
1498,1946.0751,1971.0
1499,1959.9624,1966.0
1500,1959.3812,1959.0
1501,1957.251,1985.0
1502,1952.3422,1982.0
1503,1955.8916,1978.0
1504,1810.819,1952.0
1505,1902.245,1846.0
1506,1929.3131,1915.0
1507,1912.2826,1810.0
1508,1888.2317,1805.0
1509,1667.7535,1476.0
1510,1938.6898,1986.0
1511,1922.7186,1958.0
1512,1832.582,1960.0
1513,1907.1796,1913.0
1514,1956.2163,1925.0
1515,1952.4005,1981.0
1516,1941.8586,1991.0
1517,1957.7379,1979.0
1518,1946.6361,1963.0
1519,1941.186,1973.0
1520,1960.183,1952.0
1521,1961.8959,1982.0
1522,1956.0273,1983.0
1523,1954.4808,1987.0
1524,1958.7762,1982.0
1525,1898.3666,1646.0
1526,1957.9525,1969.0
1527,1946.2269,1933.0
1528,1957.0238,1989.0
1529,1960.3378,1979.0
1530,1955.8329,1984.0
1531,1951.3939,1966.0
1532,1959.0747,1974.0
1533,1941.1312,1894.0
1534,1955.7456,1970.0
1535,1959.4207,1983.0
1536,1959.7091,1986.0
1537,1956.4436,1968.0
1538,1957.0874,1975.0
1539,1957.4542,1950.0
1540,1959.282,1967.0
1541,1959.9202,1973.0
1542,1962.0638,1963.0
1543,1956.4044,1975.0
1544,1824.3615,1913.0
1545,1877.2288,1455.0
1546,1943.1664,1975.0
1547,1962.4824,1981.0
1548,1950.2227,1932.0
1549,1956.3163,1984.0
1550,1949.8917,1957.0
1551,1944.0725,1954.0
1552,1957.8911,1945.0
1553,1938.925,1950.0
1554,1952.8755,1987.0
1555,1956.8638,1969.0
1556,1938.9541,1913.0
1557,1953.9047,1959.0
1558,1957.3645,1959.0
1559,1752.3657,1942.0
1560,1900.2738,1868.0
1561,1938.6145,1991.0
1562,1942.3457,1949.0
1563,1950.5333,1921.0
1564,1962.0117,1991.0
1565,1903.3191,1944.0
1566,1954.8175,1971.0
1567,1950.567,1959.0
1568,1862.0453,1837.0
1569,1954.9752,1980.0
1570,1906.4813,1858.0
1571,1953.1909,1984.0
1572,1887.617,1927.0
1573,1953.7992,1937.0
1574,1911.0784,1897.0
1575,1961.1238,1985.0
1576,1930.1981,1966.0
1577,1962.4089,1965.0
1578,1959.9734,1987.0
1579,1956.7637,1965.0
1580,1946.4119,1966.0
1581,1910.217,1939.0
1582,1961.6085,1967.0
1583,1819.3666,1779.0
1584,1959.5736,1986.0
1585,1952.3085,1970.0
1586,1907.2716,1865.0
1587,1839.2068,1925.0
1588,1885.4967,1905.0
1589,1925.6841,1854.0
1590,1943.5175,1969.0
1591,1952.0834,1955.0
1592,1959.2073,1980.0
