id,pred_y,target_y
0,7.5092926,13.293612
1,-7.7048306,-0.6536111
2,9.177571,9.5
3,6.572813,9.766666
4,-15.781168,10.9986
5,-6.441262,10.838897
6,10.849237,10.935833
7,-7.431989,11.03071
8,5.8052826,11.06603
9,1.6678839,10.945833
10,-0.5299001,9.4366665
11,4.405138,10.6225
12,-25.209476,-30.0
13,10.811991,11.002222
14,6.5336056,9.866667
15,2.6039214,9.633333
16,15.635164,3.0
17,20.155802,9.883333
18,0.10133648,3.8552778
19,-76.70239,-105.44
20,4.18631,9.816667
21,-0.8746705,9.78786
22,3.9438872,9.733334
23,-96.83413,-96.80889
24,-11.290607,-0.0016666667
25,-40.507175,-15.5
26,-22.952435,-12.251472
27,10.878302,0.68333334
28,-0.44191933,9.6025
29,28.20258,8.266666
30,144.29587,138.618
31,-15.819414,159.08333
32,3.0665574,10.123333
33,-6.4982285,7.65
34,24.445522,15.466667
35,-15.4583435,-71.06369
36,-110.47407,-122.666664
37,5.6379642,9.6
38,8.727329,-1.2
39,14.898344,7.425237
40,-11.479929,-2.0
41,8.286001,9.766666
42,4.277767,9.700833
43,-1.5234675,9.933333
44,5.7471642,9.819353
45,-97.361084,-74.07
46,0.8997154,10.666667
47,2.3539386,10.033334
48,5.2749214,15.056111
49,0.24967909,-2.98472
50,-9.558834,-2.5480556
51,-37.31716,-2.25
52,14.0201645,23.097578
53,7.4559426,9.506439
54,-16.528275,-10.804722
55,-5.1207395,9.85
56,6.1804314,6.028333
57,11.228979,10.013056
58,1.6344099,9.616667
59,-1.9123206,5.882222
60,19.860983,6.3333335
61,-5.061067,6.0866666
62,-102.17546,-122.41639
63,-6.5716662,6.5133333
64,8.923432,5.1666665
65,-8.1331215,0.81666666
66,-135.2814,-118.2
67,14.235208,11.983334
68,7.3122554,2.086111
69,6.556181,7.5833335
70,12.4678135,7.55
71,13.638302,7.4666667
72,-44.703407,-81.025276
73,-74.20146,-87.62778
74,110.56138,123.0
75,-6.525534,7.2166667
76,1.4934354,9.866667
77,16.072996,10.816667
78,-12.901882,11.016666
79,36.24293,37.61778
80,7.938568,21.364721
81,6.289615,10.99539
82,-0.45993614,9.552778
83,3.0785208,7.3
84,2.5110264,9.383333
85,75.47824,68.0
86,50.920048,104.0
87,8.037621,7.272267
88,-4.374041,6.8580556
89,91.38516,77.211945
90,5.1078095,9.833333
91,24.526232,41.0
92,4.454034,10.586667
93,-8.102812,10.519167
94,-7.7449317,10.75
95,9.775425,17.08361
96,5.548931,7.05
97,2.0599513,10.633333
98,8.517017,-1.98
99,17.194849,7.449722
100,3.4019485,-4.728561
101,29.926197,19.116667
102,28.100805,10.683333
103,18.91029,7.3333335
104,10.349042,7.5
105,9.510945,10.1854
106,9.544752,10.4
107,3.7076209,7.55
108,13.428895,7.5666666
109,8.511713,7.7833333
110,35.051502,26.0
111,-0.80607224,10.346111
112,192.23251,138.86667
113,13.054594,10.4323
114,30.523712,9.983334
115,123.39412,140.18333
116,13.013842,13.738361
117,8.467956,21.564444
118,3.9755335,9.978333
119,12.332519,4.0930557
120,-78.49634,-79.38705
121,11.305333,11.08
122,-7.312719,-0.071666665
123,18.67094,11.848333
124,10.3368225,11.466666
125,17.07258,12.083333
126,15.729673,11.83
127,14.755901,25.0
128,12.487064,5.7166667
129,7.729675,11.12
130,5.7053742,5.779722
131,0.7724848,10.83
132,102.24982,135.5113
133,4.7252545,11.366667
134,-17.870909,10.2945
135,33.537045,10.26
136,7.1045923,10.183333
137,19.516638,9.75
138,16.768242,30.0
139,14.926502,18.9522
140,17.512657,12.7479
141,6.444813,12.92
142,20.332968,12.5
143,55.57794,55.6
144,31.678381,13.731667
145,3.846185,11.17
146,16.778511,11.83
147,9.574741,10.083333
148,-71.655235,63.3051
149,9.362452,10.216666
150,-5.1049075,11.58
151,9.908507,10.083333
152,-69.84267,-78.72
153,-55.432217,-79.47
154,-45.507103,-76.79305
155,48.73658,35.766666
156,112.6139,140.7475
157,157.8831,139.0468
158,222.15733,141.13638
159,186.12062,140.49583
160,99.47479,138.31694
161,57.3719,20.0
162,1.0223613,47.7
163,-90.97351,-78.0
164,-103.32549,-61.233334
165,-61.855488,-86.816666
166,7.0926056,10.0
167,-93.3423,-86.5925
168,-8.026768,11.440965
169,130.73122,135.75778
170,54.03057,56.236946
171,-60.83678,-63.0
172,-73.48946,-88.70417
173,50.218563,178.00555
174,42.158615,-174.81027
175,116.773605,171.06667
176,0.13027287,-1.5052778
177,123.80928,139.77368
178,-7.899691,8.62073
179,-156.56625,-77.01945
180,13.97842,9.99155
181,4.5584545,-1.6547222
182,161.67639,135.51
183,4.2318325,10.423611
184,121.47313,146.059
185,-62.01624,-82.10111
186,213.92192,139.76694
187,6.1499434,11.202778
188,-152.2008,-116.19
189,13.548458,9.92
190,-148.79903,-122.237465
191,19.326746,2.15495
192,16.409437,14.759722
193,-64.504265,-74.48194
194,15.732849,21.23
195,-88.650375,-102.64
196,11.738817,14.471389
197,5.5595427,14.411111
198,-73.56237,-74.3941
199,3.8451278,0.07444444
200,8.738012,1.4983333
201,-50.451496,-85.48608
202,18.713785,12.666667
203,-121.26227,-94.35
204,7.9775543,13.45
205,-112.50288,-94.39
206,6.360693,2.981111
207,-67.05965,-113.23
208,-46.176258,-86.0
209,-17.109243,5.936111
210,1.6920586,0.10527778
211,7.8844256,11.17
212,9.384044,7.02556
213,-76.971985,-121.87278
214,-123.13841,-113.1
215,-117.48172,-123.8
216,-82.43353,-121.08
217,-98.1353,-120.71
218,-119.5106,-116.24
219,-73.798615,-83.48
220,-53.41196,-117.00371
221,-72.63486,-71.55167
222,-113.28788,-94.14
223,2.770557,11.66667
224,-85.35434,-99.74
225,-99.51673,-94.03
226,-83.73188,-93.0
227,11.023586,10.604722
228,-15.245668,10.55
229,-0.050566673,10.532778
230,6.21678,10.733889
231,2.62772,10.4
232,-6.419332,10.52737
233,6.1275663,10.8
234,-20.285236,-67.0
235,13.059408,10.654166
236,11.040246,0.33333334
237,23.483574,10.566667
238,21.442486,10.108055
239,13.146074,10.1778
240,9.0130205,10.091666
241,13.524767,3.75
242,16.034298,5.554444
243,20.550116,10.116667
244,6.644026,9.9997225
245,-92.09895,-100.27
246,118.83128,118.75
247,-74.54204,-101.82
248,-7.38567,12.60055
249,6.6248007,12.616667
250,-98.649155,-123.18
251,4.632943,5.5559
252,-1.8656297,5.223056
253,14.387586,17.183332
254,-15.876841,12.4215
255,15.541946,10.1
256,4.4525266,10.079722
257,-6.1788106,9.866667
258,-7.724458,10.5045
259,-8.12719,4.5833335
260,-73.99082,-90.8
261,-126.79152,-86.21667
262,-62.179554,-88.43
263,-58.07764,-83.27
264,-104.18933,-96.617775
265,-103.90742,-95.54769
266,40.76857,18.133333
267,6.3178806,6.487222
268,-73.69629,-89.5368
269,-26.21591,-84.2
270,-71.31168,-91.45
271,-108.638306,-96.75
272,137.51456,137.82195
273,128.75923,132.755
274,131.23349,139.0468
275,138.73746,138.25958
276,115.99814,141.18777
277,12.735031,7.7599
278,-67.58418,-80.60917
279,-128.6273,-72.7
280,-119.995026,-121.495
281,-78.86453,-123.96083
282,97.07188,166.0
283,-61.23287,-78.78
284,9.182951,2.45
285,9.169322,9.3864
286,-87.427734,-78.19
287,-69.267395,-73.75
288,-1.9035974,0.9636111
289,-92.18464,-88.96
290,-91.46819,-88.54
291,53.767006,81.0
292,4.467971,-0.9672222
293,25.888416,30.116667
294,9.636242,30.133333
295,9.085045,13.4
296,92.11848,125.295
297,18.404139,13.366667
298,-4.532786,2.24719
299,13.981472,13.516666
300,11.423031,13.2
301,9.645068,13.491111
302,-89.42767,-84.75389
303,-88.428406,-64.83028
304,-70.9766,-75.82056
305,29.512539,32.419735
306,3.4454467,13.416667
307,-70.0507,-117.881386
308,-1.0055194,13.933333
309,3.0445764,13.841666
310,26.395725,32.906666
311,64.101234,33.504807
312,37.166206,33.637493
313,6.8260665,13.233334
314,-49.02027,-73.98283
315,-81.90409,-75.87805
316,-104.44904,-83.73805
317,51.888123,32.4608
318,-33.303192,-87.65354
319,126.66459,76.24
320,57.340755,32.792377
321,-77.147804,-88.66
322,13.847982,49.114445
323,24.9487,51.416668
324,7.765135,15.55
325,0.0089530945,1.6204833
326,127.262054,139.71611
327,3.674637,6.037222
328,13.831692,5.855278
329,12.427502,12.5
330,12.3330765,8.223333
331,-8.210827,-15.5925
332,10.235064,6.878378
333,2.0553575,12.75
334,6.4525375,8.7
335,-67.317696,-89.655
336,-0.2300992,9.116667
337,9.161646,8.5913
338,21.39796,8.522222
339,-112.33509,-100.33638
340,29.683935,20.5
341,22.049423,19.921389
342,7.3343744,5.4533334
343,-70.19631,-117.70919
344,-110.9925,-119.57
345,-133.22668,-105.8261
346,12.21714,1.55958
347,8.104105,0.55527776
348,6.4637523,1.73
349,0.26642418,1.43976
350,132.78824,132.76567
351,-113.75507,-149.89917
352,0.34040737,13.138031
353,0.14396477,9.398547
354,17.439663,5.726389
355,9.366531,0.33444443
356,173.49884,140.13333
357,-47.68379,-87.95
358,108.49054,127.0
359,-100.33697,-115.11667
360,-141.95782,-112.84861
361,-30.544226,-104.72
362,-3.8519769,3.2166667
363,20.471457,4.818611
364,3.9788795,1.3319445
365,5.774585,9.377222
366,-5.4858384,-3.0138888
367,-82.18772,-122.28528
368,10.353606,1.4976
369,2.1437693,20.833334
370,-5.5045667,-2.3975
371,0.6150274,5.9305553
372,-4.2227836,-2.9897223
373,-1.5583043,-3.2883334
374,-108.46806,-105.083336
375,2.2394166,-1.426667
376,9.028341,13.533334
377,4.9912786,0.52111113
378,7.0009484,3.5669444
379,-100.22581,-92.46295
380,-121.90985,-147.83556
381,80.82261,138.19278
382,3.6189868,-2.0666666
383,-133.25473,-122.03694
384,75.45786,73.83889
385,4.808792,-2.9166667
386,-6.276605,3.2666667
387,30.581892,-0.09222222
388,-68.29843,148.40521
389,1.717236,13.019755
390,3.0526898,12.040833
391,6.4837685,11.714723
392,-83.03705,-96.72
393,17.816502,11.3564
394,130.13188,140.1025
395,-88.521454,-118.506386
396,-72.14858,-97.73333
397,-82.55281,-75.9779
398,28.71643,1.9166666
399,11.926899,5.7211113
400,156.525,139.70056
401,34.465923,30.0
402,51.516235,29.25
403,3.2900505,1.0852778
404,78.720024,78.5974
405,24.11745,28.0
406,-65.0765,-76.27439
407,-96.99286,-65.290276
408,15.587616,12.199445
409,13.683788,10.133333
410,-2.611549,11.878056
411,-73.79786,-82.91
412,-60.842144,-95.52
413,-58.947407,-97.24
414,5.4702826,2.3733332
415,29.155775,14.783334
416,49.593273,74.87889
417,-66.36953,-80.689445
418,-70.45365,-70.3
419,132.22867,137.92722
420,-83.775505,-75.13
421,3.452757,-1.5236111
422,2.1124911,16.283333
423,29.83358,11.116667
424,125.87999,140.7225
425,9.910238,34.95
426,144.32503,133.05667
427,15.296728,16.416666
428,4.797477,17.945833
429,38.77623,40.0
430,-46.585445,-81.51778
431,-2.8366084,1.5527778
432,7.8883777,1.38333
433,148.93202,140.57639
434,23.422718,16.666666
435,-95.83704,-72.685
436,-7.4358506,2.1897223
437,102.84114,153.02777
438,51.011593,76.7
439,114.19945,121.0
440,-17.245901,1.1661111
441,4.6871715,11.176111
442,-114.878494,-73.96361
443,9.920708,8.899956
444,147.26534,125.00389
445,10.612282,13.576548
446,-52.573963,-79.4304
447,6.9909306,14.266666
448,160.34311,140.8641
449,88.68736,120.53333
450,11.468025,20.166666
451,0.5268216,1.9283333
452,-79.89877,-70.94028
453,0.68575716,1.6638889
454,-53.140186,-74.20167
455,-14.1784725,61.391666
456,-52.32182,-71.01889
457,-64.05557,-74.29
458,-19.154953,-79.41778
459,101.22152,123.7
460,15.932119,1.8333334
461,89.25952,121.0
462,104.06474,126.183334
463,108.86978,123.25
464,-67.331116,-93.53028
465,10.270802,14.333333
466,-39.095173,-87.6519
467,2.0646858,15.413889
468,-0.7853384,-2.9627779
469,22.902838,3.8139
470,16.05846,10.683333
471,-154.04465,-72.683334
472,-83.21786,-82.53333
473,-135.60509,-95.34139
474,-59.709606,-72.57131
475,16.768219,13.275
476,-68.240685,-71.006386
477,-102.368706,-149.998
478,-85.43175,-114.104164
479,14.239553,-5.5
480,26.842857,34.0
481,53.352474,34.983334
482,-21.273932,-6.3333335
483,-14.623167,-16.25
484,13.210631,8.538611
485,130.62274,147.255
486,-96.9085,-98.86361
487,6.0265965,7.7166667
488,3.2420368,2.8825
489,-2.5456605,19.4167
490,9.425533,18.1476
491,-92.06882,-91.31
492,-101.16429,-90.1839
493,9.115419,7.4
494,106.03398,128.0
495,13.528965,-4.0
496,17.45314,32.955
497,7.90666,6.9
498,19.028908,28.744167
499,-99.2446,-117.277
500,-88.06505,-117.285
501,-86.12156,-117.345276
502,7.5482993,10.052778
503,17.934048,13.89
504,202.93456,96.0
505,-2.813148,0.479622
506,0.4079628,8.9
507,-12.044748,-1.0525
508,-117.22785,-119.61
509,2.0101805,5.5444
510,17.39394,5.669444
511,105.18672,23.316668
512,14.274574,12.166061
513,6.912579,9.185614
514,2.368247,4.2754
515,4.625766,10.693055
516,7.613969,9.142777
517,20.93968,27.916945
518,14.264123,11.8306
519,83.33991,27.129723
520,19.411915,8.62
521,4.9891777,10.506667
522,31.45692,29.75
523,7.8770137,12.754127
524,20.71746,35.524723
525,2.6373215,7.978611
526,3.0055342,9.19753
527,34.490185,33.656475
528,-93.47561,-108.53333
529,62.078247,31.283333
530,14.675072,19.064444
531,9.225602,15.881676
532,-89.58649,-93.3532
533,51.87857,57.68
534,147.7934,145.026
535,7.8641047,5.25
536,-99.73513,-118.39972
537,26.725046,1.6994444
538,21.807283,34.166668
539,13.522494,6.7611113
540,31.52445,34.79778
541,-134.40167,-111.75972
542,-103.36398,-111.92
543,-56.05531,-79.839836
544,15.348612,19.454721
545,-4.8466725,2.8166666
546,-9.572086,1.9666667
547,5.0853243,13.1063
548,7.845946,11.558333
549,-0.22448206,9.3061
550,-1.4626508,11.433333
551,43.380306,11.2542
552,-2.7918258,11.966666
553,4.857745,13.404445
554,28.188112,10.4219
555,-54.20051,-87.720276
556,87.935326,121.2
557,-124.18935,-119.96833
558,101.49357,121.1
559,-99.70601,-122.68
560,-91.01375,-101.18
561,-82.627594,-100.76
562,-82.32213,-119.94
563,-105.53653,-119.23139
564,-83.552444,-120.812225
565,-80.6266,-121.626114
566,-80.51918,-90.85
567,3.7573736,6.132222
568,-93.08277,-106.7
569,46.48069,45.968334
570,-79.35782,-93.78083
571,24.927132,20.68
572,6.3190136,10.6
573,5.394639,10.8
574,-12.544577,-74.20903
575,22.567638,26.01
576,19.660519,10.538792
577,14.941448,19.683332
578,36.990425,22.011667
579,4.269845,13.283334
580,2.4163213,7.9558334
581,41.230473,35.379166
582,23.229435,-2.1783333
583,9.735189,23.5
584,7.2016554,13.45
585,11.333155,9.265833
586,27.920162,12.19
587,12.043083,19.483334
588,-4.0686393,6.5080466
589,-7.0004354,6.5195465
590,-16.25279,6.802504
591,24.494173,12.433333
592,14.151931,11.809819
593,6.2075987,14.533334
594,-4.473018,29.816668
595,11.87084,6.25
596,-1.5474868,12.375
597,17.281124,8.043056
598,-0.75232315,9.959958
599,-78.86469,-87.66278
600,-77.65366,-86.52917
601,26.290693,10.1634
602,10.864706,12.5
603,-94.198616,-92.33111
604,8.846195,15.066667
605,6.0198045,13.3945
606,-139.61046,-134.41972
607,-22.310806,9.4
608,135.88835,166.56667
609,8.748862,13.361389
610,-51.879597,-81.53
611,11.007582,8.458333
612,1.1059179,-1.0480555
613,-0.75015783,-1.0833334
614,38.556633,13.85
615,9.34794,12.75
616,147.5977,138.23389
617,-73.17838,-115.769
618,5.92046,14.520833
619,-75.16333,-80.784164
620,4.418011,19.7333
621,265.7429,152.0
622,-93.371025,-84.15
623,29.88684,3.422778
624,-85.44055,-80.5772
625,-74.856026,-71.07283
626,-21.723478,7.137778
627,-110.3057,-123.276
628,18.866516,-1.0372223
629,10.287286,18.740278
630,15.489683,9.72
631,16.011896,16.151093
632,-13.839554,5.7588887
633,15.282518,8.75
634,128.0256,141.05966
635,31.323101,2.2413888
636,-3.7523465,-1.2483333
637,-2.5000148,8.776389
638,21.41347,1.9841666
639,7.0358663,-1.0919445
640,6.4456587,1.4741666
641,-14.591532,6.0544443
642,-15.467443,5.37
643,-10.204716,8.173044
644,5.446825,8.539722
645,-88.3078,-114.39
646,13.3480835,8.6075
647,29.99167,9.0413885
648,28.541826,37.804165
649,3.2634294,8.291667
650,29.41729,5.8625
651,42.064556,25.631666
652,-9.245338,19.4558
653,3.3630753,19.4558
654,14.279084,8.388611
655,6.3413067,8.196389
656,3.7901177,2.1991668
657,18.713055,8.4142
658,20.728569,8.426111
659,162.8712,115.85889
660,126.35205,139.7114
661,0.39301872,3.2161112
662,12.782349,8.551945
663,-90.88685,-88.26111
664,-53.917114,-72.75389
665,-0.11362219,4.4602776
666,-12.796732,-66.61667
667,60.7873,30.3429
668,11.048553,15.633333
669,76.93109,72.683334
670,6.4699426,17.541748
671,28.859524,14.966666
672,2.9424477,12.1378
673,15.648748,6.761667
674,-12.066347,1.3530556
675,-1.2128625,1.6108333
676,58.3956,-0.09861111
677,-3.397408,8.373055
678,10.256203,8.669723
679,-2.6037316,8.334167
680,-65.090324,-84.22
681,-11.926388,8.552778
682,-39.33612,-149.46666
683,118.48504,113.914444
684,26.980314,24.745
685,23.659716,15.766667
686,-3.1965146,7.9522223
687,7.975285,8.29282
688,16.334526,12.234167
689,-6.6495385,8.211667
690,1.1203532,8.07383
691,5.154252,1.081367
692,8.404655,8.359722
693,9.073732,8.101111
694,-1.622993,8.359445
695,-0.5711403,7.971667
696,22.339945,17.112778
697,-0.8159065,8.449166
698,-2.7369924,8.266389
699,7.1928334,8.344167
700,-0.6667919,8.079445
701,0.24133444,8.032778
702,-80.201744,-78.86
703,-57.77721,-77.01
704,12.507408,12.855
705,9.758949,11.756111
706,-31.818003,139.76666
707,6.0413814,8.133333
708,23.521149,24.483334
709,33.26996,27.588888
710,15.4121,33.366665
711,-5.402824,7.97899
712,-0.5788913,-79.395744
713,22.017374,8.0
714,28.28478,3.72014
715,-75.82525,-153.0
716,5.7006397,8.05
717,-110.94017,-103.46
718,-69.30753,-65.75
719,22.865847,-1.6166667
720,-19.44477,-59.316666
721,-74.75202,-170.5
722,9.815193,13.066667
723,-17.414795,7.65
724,-5.6949697,8.1
725,14.785959,8.05
726,33.56832,8.133333
727,26.25237,21.37861
728,13.076809,8.233334
729,-10.848251,-46.565
730,-107.21555,-117.1596
731,15.747616,20.0
732,21.741133,22.89
733,14.119127,12.478333
734,-94.61529,-111.82083
735,1.791698,10.301973
736,42.913162,78.0
737,-73.57052,-97.09288
738,12.394762,1.6111112
739,-43.520405,-85.26722
740,113.80187,91.8833
741,-28.88103,-60.1829
742,13.8345375,11.539444
743,-70.81976,-83.25
744,106.765274,102.25916
745,-6.5042825,2.2152777
746,-132.80728,-118.17167
747,17.128933,24.717222
748,-2.670298,-0.44583333
749,-118.04373,-118.302
750,1.8248272,8.500139
751,-68.0022,-85.0
752,12.042139,12.33665
753,6.9115276,12.721069
754,23.585672,25.866667
755,-86.68937,-66.75278
756,62.349495,73.5275
757,14.346487,2.2855556
758,3.804187,-45.886944
759,18.345583,10.56648
760,1.6300025,3.6330554
761,-87.57606,-113.98278
762,-111.03462,-111.327225
763,14.983175,9.233334
764,82.75593,77.172226
765,11.555344,-0.9
766,1.5528436,2.5155556
767,-3.0293899,-3.6008334
768,118.56648,122.0
769,9.850786,18.422777
770,14.961018,11.627222
771,39.224133,38.833332
772,23.832693,14.45
773,2.566914,2.4772222
774,23.557201,32.484722
775,96.39791,144.95
776,123.80189,120.992
777,-31.465277,-92.3
778,88.51683,124.47513
779,118.980125,124.35
780,-87.121376,-92.916664
781,7.5675144,7.775
782,-4.4908776,11.769962
783,3.4330544,11.008409
784,25.982498,11.15427
785,1.8016143,-0.12555556
786,-8.643888,4.768889
787,37.980717,36.7845
788,4.919598,-0.2625
789,-5.2930427,12.5929165
790,-97.34805,-93.462776
791,18.791676,8.033334
792,115.93724,130.70778
793,3.3491538,15.3
794,116.97242,141.15
795,152.4995,133.91667
796,6.5712934,7.95
797,4.384802,7.366667
798,114.53519,139.88333
799,27.749456,28.8
800,11.957181,8.7564
801,-18.879948,7.383333
802,1.261126,8.1
803,4.298395,7.971667
804,18.891489,7.733333
805,23.031424,13.406667
806,3.6265488,9.656175
807,18.092636,12.616667
808,14.699858,12.766666
809,12.719591,14.1
810,-3.1491961,7.3166666
811,10.056959,7.8166666
812,15.261847,7.866667
813,-0.13013506,7.95
814,-0.6294322,1.7888889
815,4.272071,8.380508
816,15.863653,8.061389
817,9.702105,7.1833334
818,1.772686,-1.4991666
819,-93.9246,-74.1856
820,0.9290004,12.116667
821,10.279356,12.240312
822,2.8006856,10.901667
823,2.2294188,6.6666665
824,3.0622032,8.166667
825,11.571339,12.55
826,20.264112,7.95
827,17.722063,12.066667
828,-12.602371,8.0
829,14.752392,7.483333
830,11.409721,-5.0033336
831,-0.06713772,12.733334
832,128.33566,123.95124
833,6.9076285,7.1666665
834,-4.4119964,16.193348
835,2.947836,-1.8086112
836,-16.161247,-0.044444446
837,-7.329746,-0.395833
838,16.295177,12.377931
839,19.749365,12.968281
840,-65.58991,-75.69456
841,-14.294346,13.07306
842,9.959504,12.97428
843,1.2908716,10.95
844,6.488832,2.4377778
845,34.600994,34.75028
846,111.905045,139.47778
847,-6.870213,2.294479
848,37.71606,1.7252778
849,33.850525,12.515833
850,11.551214,12.183333
851,-121.86662,-83.1625
852,-3.225593,6.8378754
853,-46.743137,-78.61667
854,-14.509008,-1.0558333
855,-12.780352,-1.0647222
856,2.7437031,11.0
857,-11.330698,-1.5741667
858,6.8456225,0.16527778
859,1.0520229,1.1458334
860,4.082101,-1.1063576
861,118.345474,105.26667
862,1.5398397,12.968611
863,-79.10869,-66.0
864,72.527664,114.50861
865,4.0610576,-0.76111114
866,18.403889,19.0
867,28.501696,4.383333
868,17.163736,21.921112
869,4.180526,10.634422
870,-88.008675,-92.173615
871,-20.353025,24.28389
872,6.7705326,-2.60288
873,8.624886,3.071389
874,21.658058,10.481667
875,0.7401743,10.326389
876,-16.373777,-3.521389
877,-77.65274,-97.89
878,-101.14816,-97.31
879,-80.3092,-95.97
880,-98.45381,-98.46
881,-84.28676,-96.37
882,6.666676,10.433333
883,-74.32969,-95.0
884,116.04913,101.45
885,-62.145382,-120.55
886,-30.238832,-79.91889
887,7.272854,5.37
888,-9.386168,-118.267
889,-8.639908,5.5872
890,1.1010952,-1.1122222
891,-3.6511464,6.375
892,7.258865,8.215834
893,11.154165,6.375
894,-13.053736,3.62111
895,16.863081,-0.8461111
896,-1.1176066,-0.94527775
897,4.896654,-0.48027778
898,5.6697335,-0.88916665
899,7.9048343,-0.9141667
900,5.7603083,-1.5727777
901,-10.983503,0.510833
902,3.3447218,-0.4077778
903,-13.294746,-0.3875
904,0.14856577,10.641389
905,87.22767,85.5
906,4.3523016,8.583333
907,-2.857389,8.52394
908,14.623196,8.5
909,2.6049871,8.466666
910,-3.6882205,-1.3069445
911,4.3209095,-118.413
912,-0.6885185,13.0484
913,4.0271473,12.94767
914,3.4461524,12.816667
915,5.374736,12.833333
916,-1.6899819,12.933333
917,-2.354258,12.997778
918,-5.8309684,13.066667
919,-3.1328225,8.7
920,5.026334,12.966666
921,12.903063,12.85
922,6.1996727,12.933333
923,17.462828,8.516666
924,18.611692,12.566667
925,-1.8850436,8.566667
926,-1.6232657,12.75
927,6.4296837,8.4
928,5.228937,8.716666
929,-4.2465987,8.433333
930,-7.3997674,8.7
931,-40.12041,-81.5822
932,-113.62879,-86.8475
933,6.013073,4.6167
934,72.452484,117.20556
935,10.950974,31.052221
936,-91.33423,-76.809166
937,-70.47062,-77.02
938,9.08914,16.083334
939,0.64321756,8.540556
940,3.3125916,8.324166
941,15.35479,8.291111
942,13.961521,2.4463
943,18.23689,3.3869445
944,-47.99224,-82.98389
945,145.5037,139.54222
946,18.480783,-3.19333
947,59.668762,58.383335
948,-12.092096,5.377222
949,-101.05657,-84.52
950,-42.793365,-61.5
951,-35.874855,-86.25
952,-102.177444,-84.61
953,25.338425,21.713612
954,-62.455357,-77.0572
955,-34.138588,-71.13333
956,-3.6115537,8.616667
957,8.418454,8.572778
958,-11.041658,8.368395
959,-7.715348,8.366667
960,-5.1875596,8.3775
961,0.6407628,8.373055
962,0.29378128,8.214167
963,-113.34469,-120.68056
964,-8.975914,8.5643
965,1.2461619,2.0730555
966,67.145935,71.51
967,42.427597,35.5
968,-2.8071218,5.050833
969,-60.438305,-76.8
970,134.33113,151.13333
971,-4.4281926,2.0325
972,9.41055,12.666667
973,13.291224,13.033334
974,12.282143,12.5402775
975,7.7283716,13.067223
976,10.209719,12.816667
977,5.722634,12.737223
978,18.5464,13.039722
979,20.346676,12.616667
980,2.6045134,13.031944
981,13.635753,12.522778
982,-2.572311,12.9
983,12.532362,12.99436
984,-10.894728,12.866667
985,6.868374,12.983334
986,-15.174185,11.933333
987,-85.18621,-93.360275
988,2.5157547,4.205
989,8.568959,11.244634
990,3.7733798,9.216666
991,17.1902,9.0
992,16.296288,9.233334
993,43.576824,43.333332
994,61.196297,70.0
995,-4.9474025,6.1666665
996,31.967913,44.2
997,5.5533853,11.266666
998,-1.8101315,7.937222
999,0.3952613,8.083333
1000,37.677105,94.99639
1001,-3.061009,8.3117
1002,-5.88182,8.033334
1003,7.2423124,3.5208333
1004,8.878883,3.735
1005,13.870388,37.40895
1006,56.877876,46.25
1007,12.34696,8.35
1008,-85.80975,-111.97611
1009,5.214799,8.233334
1010,8.766614,12.016666
1011,-16.578775,8.883333
1012,12.438444,17.362223
1013,17.252823,5.983333
1014,16.484518,12.266666
1015,193.27536,160.0
1016,19.995186,13.758531
1017,9.029907,12.466666
1018,-88.99654,-117.889725
1019,-84.89128,-61.233334
1020,7.9102416,11.555
1021,4.8622084,20.25
1022,-76.03124,-111.64917
1023,16.029789,17.166666
1024,1.0207033,3.45
1025,3.6910264,11.033334
1026,2.0739613,11.333333
1027,-33.446095,-77.66
1028,10.986191,12.884722
1029,5.1890464,10.763769
1030,-46.662743,-77.15
1031,5.1534348,14.660277
1032,-77.69784,-92.003456
1033,16.512487,11.116667
1034,17.002535,13.21835
1035,4.7691555,8.747942
1036,22.699348,8.93523
1037,3.827841,8.988647
1038,9.508112,66.0
1039,-3.0245261,9.304745
1040,5.706542,13.55
1041,-53.936714,-88.7
1042,9.88014,9.086597
1043,31.262089,11.559122
1044,-93.58607,-97.94
1045,2.8335009,11.61547
1046,2.0295,7.8469973
1047,12.0402775,7.981753
1048,-4.1370387,8.114342
1049,11.63541,7.95125
1050,17.195766,11.766666
1051,-4.4486623,10.833333
1052,14.7897625,7.8177834
1053,4.107251,7.655425
1054,7.9938645,7.850928
1055,-9.163174,7.8981028
1056,0.64614534,9.724113
1057,9.049569,9.7572
1058,4.150296,9.675427
1059,-2.638185,9.683853
1060,-53.991737,-119.65
1061,-1.2508082,9.884922
1062,5.3483152,10.785556
1063,-173.0323,-116.89404
1064,-121.15475,-110.9
1065,-103.44091,-87.79
1066,-12.767839,8.115403
1067,-0.7661271,8.115514
1068,-12.206556,8.434636
1069,3.9151764,8.410308
1070,0.13675547,15.75
1071,6.435945,-1.8463889
1072,-2.3280578,2.9769444
1073,-8.767094,4.369167
1074,128.2531,144.94667
1075,21.430923,14.395278
1076,11.028963,6.201111
1077,3.6231313,-1.0166667
1078,7.217133,14.55
1079,17.079584,19.293722
1080,14.962156,14.8
1081,-7.653851,14.633333
1082,8.054365,14.583333
1083,0.9497218,14.633333
1084,11.097544,14.416667
1085,10.790176,15.016666
1086,-38.06042,-47.75778
1087,-14.482801,-50.14
1088,-137.81886,-119.275
1089,21.837233,11.24616
1090,-5.0894437,11.1608
1091,10.057041,8.333333
1092,17.882973,14.133333
1093,-3.0457568,14.233334
1094,2.2472253,1.178104
1095,13.326106,6.8133335
1096,-58.542744,-99.36
1097,18.374613,21.5053
1098,-5.627484,9.100703
1099,-0.105024815,9.285421
1100,-7.4580092,9.12981
1101,-25.843954,13.903334
1102,-8.602163,9.230404
1103,17.72735,9.19753
1104,7.685148,9.187832
1105,-1.3577805,9.213281
1106,32.550533,8.36823
1107,10.957453,8.61238
1108,5.0491757,8.522515
1109,26.31326,8.643494
1110,8.4500675,8.640575
1111,0.7491908,11.183333
1112,4.484666,8.9384165
1113,30.43961,9.003296
1114,-101.40763,-121.71833
1115,7.2310305,12.25
1116,14.103647,13.260834
1117,126.40265,138.4464
1118,14.148663,11.833333
1119,8.54753,8.013072
1120,-14.164251,12.616667
1121,-0.1345644,9.088889
1122,9.360341,9.486179
1123,-0.55246115,8.592222
1124,-71.97523,-70.88
1125,117.719536,110.00445
1126,6.1994386,11.066667
1127,135.46461,149.089
1128,19.833443,15.213333
1129,5.747135,10.17
1130,-2.7051349,10.85
1131,7.372109,11.166667
1132,20.66166,21.4842
1133,-33.981026,-83.73756
1134,-114.2848,-121.30945
1135,82.91126,120.51667
1136,-84.43322,-98.07
1137,-11.208326,20.302778
1138,-16.315918,14.291908
1139,11.497215,9.610556
1140,63.548126,15.283334
1141,22.715233,20.833334
1142,4.5457883,8.341728
1143,7.1468086,9.256667
1144,7.9735107,9.383333
1145,-11.902346,14.35561
1146,2.133542,14.122222
1147,8.709799,12.0
1148,8.7658825,4.8247223
1149,-59.164097,-111.94265
1150,7.444134,3.6055555
1151,72.8208,113.81084
1152,10.767628,14.083333
1153,-7.7852216,11.466666
1154,35.02428,5.9079723
1155,3.9586651,11.066667
1156,-83.18427,-74.4064
1157,176.09555,135.70056
1158,-91.71595,-122.31639
1159,170.04135,140.71695
1160,-8.111933,-8.610778
1161,82.769646,140.56473
1162,-62.471004,-78.833336
1163,44.117146,18.1667
1164,1.4027138,18.1475
1165,-76.70749,-80.76
1166,127.47801,137.38333
1167,-35.182106,5.7965
1168,18.331432,3.1816666
1169,-95.55187,-105.0
1170,18.68324,9.329238
1171,1.3350091,9.258213
1172,0.17648458,8.6285
1173,-4.580444,11.533334
1174,-9.024887,12.03683
1175,9.301132,11.783334
1176,-15.34989,11.95101
1177,234.42258,141.0
1178,1.2117281,11.75
1179,14.285473,11.568055
1180,-7.6170583,11.716666
1181,7.2661514,5.8072224
1182,6.9124117,11.85
1183,9.316763,11.766666
1184,8.842339,11.8
1185,-4.1879497,11.833333
1186,8.176419,11.45
1187,3.4496136,11.35
1188,-4.2356515,11.983334
1189,-1.8373199,11.866667
1190,-19.55935,11.75
1191,-8.838713,11.9
1192,6.149019,11.77959
1193,-0.69781256,11.733334
1194,13.036423,11.616667
1195,-130.05917,-121.907776
1196,18.404074,12.116667
1197,-107.461296,-123.08528
1198,2.4915366,7.68665
1199,-1.5033965,11.166667
1200,38.66635,7.616667
1201,17.86145,-3.6027777
1202,-90.079124,-84.94
1203,-68.13442,-77.22
1204,12.836872,7.85
1205,14.824799,7.8166666
1206,4.306712,7.166667
1207,14.843004,15.8955555
1208,173.34451,139.9007
1209,-83.22459,-71.102135
1210,38.919827,32.793167
1211,18.035282,14.383333
1212,123.5774,125.0
1213,104.66732,124.94556
1214,-74.449356,-73.84
1215,-18.520658,0.11722222
1216,12.069012,-87.66678
1217,167.6585,141.67528
1218,11.814159,11.38561
1219,-3.013639,10.816667
1220,-86.49255,-87.11839
1221,10.605629,15.05
1222,0.11893654,0.1525
1223,-73.91235,-73.20944
1224,17.90456,-72.76667
1225,100.915405,151.1
1226,-107.16227,-97.1
1227,-82.1327,-95.7333
1228,4.4795675,11.5028
1229,-82.60389,-95.3
1230,-52.896976,-95.5833
1231,10.188299,7.3333335
1232,0.116817,11.1458
1233,12.197162,9.310833
1234,17.294819,7.116667
1235,8.369337,7.516667
1236,8.532397,8.671861
1237,-90.14558,-93.74
1238,3.7211504,5.0311112
1239,-76.568146,-89.51
1240,27.782825,2.2841666
1241,150.80843,136.61278
1242,125.10857,137.85
1243,16.280746,8.530278
1244,93.81508,140.37833
1245,-7.9611287,8.872404
1246,7.2393084,6.9725
1247,-1.1522698,8.433333
1248,31.470545,8.576389
1249,4.8889904,8.80168
1250,-0.6023526,8.796197
1251,0.7977123,8.89705
1252,7.0932107,8.587317
1253,10.223294,9.99
1254,44.397217,13.1
1255,-1.8527503,8.828115
1256,0.93358517,8.701515
1257,-3.9550605,-1.0833334
1258,8.693501,-2.9361112
1259,0.021350384,9.9
1260,8.006521,8.830277
1261,45.027126,-9.113778
1262,9.930405,8.835278
1263,1.6338468,9.133333
1264,-3.6960187,9.189167
1265,1.2021365,8.671111
1266,-0.051044464,8.868333
1267,6.652605,8.716389
1268,-5.844978,9.183333
1269,21.320696,9.4
1270,0.042412758,10.2
1271,1.5209589,9.683333
1272,10.016943,9.415833
1273,8.518656,8.6
1274,13.657333,7.688889
1275,-3.336185,8.8216
1276,13.663889,8.978609
1277,-0.35329533,9.55
1278,7.0333567,8.930327
1279,5.668842,12.079611
1280,14.113396,9.233334
1281,6.908518,9.466666
1282,15.276098,8.866667
1283,13.053949,9.05
1284,6.200829,8.783334
1285,10.721651,8.75055
1286,16.860703,8.8869
1287,9.011606,7.021389
1288,6.6575937,9.016666
1289,12.127497,9.01368
1290,15.786037,9.2
1291,3.3967435,11.783334
1292,14.449395,9.002778
1293,-11.902246,8.616667
1294,-0.7490697,8.833333
1295,1.3620591,9.2
1296,23.18164,9.13996
1297,15.66074,9.366667
1298,10.043347,9.083333
1299,9.425421,6.1405554
1300,116.236206,124.03333
1301,92.66393,124.26667
1302,10.380894,9.378464
1303,8.045726,8.733334
1304,129.54793,124.51667
1305,15.394884,8.833333
1306,-71.74987,-92.91
1307,-87.33001,-87.87
1308,3.9933643,9.666667
1309,-20.071602,9.25
1310,-88.16161,-99.99
1311,7.7619095,6.67
1312,-4.488049,8.733334
1313,0.26253176,8.85994
1314,3.016262,8.90762
1315,4.1341953,9.283334
1316,15.150206,9.3
1317,-2.4711366,8.883333
1318,39.364475,37.57772
1319,32.47577,23.868055
1320,16.415144,4.028611
1321,0.40161133,11.133333
1322,8.000861,11.21068
1323,-5.6543097,10.366667
1324,5.16785,10.0
1325,-63.311985,-81.47
1326,8.5813875,10.766666
1327,-0.47261333,10.116667
1328,7.4850116,10.9
1329,5.9417524,9.65
1330,9.516961,9.465834
1331,-18.001495,9.595278
1332,49.23064,11.043583
1333,6.359059,10.883333
1334,15.450966,9.338559
1335,6.983993,9.883333
1336,5.3432493,9.366667
1337,11.767567,9.284445
1338,25.391184,9.316667
1339,-2.2737193,9.388686
1340,17.3436,10.366667
1341,20.235136,9.35
1342,11.2984915,9.35
1343,-3.5626416,9.383333
1344,7.1418176,8.883333
1345,6.0547442,9.35
1346,6.825103,9.433333
1347,12.254563,8.85
1348,10.074644,8.816667
1349,22.230877,10.816667
1350,3.0368958,9.3662
1351,-0.4273591,9.616667
1352,-22.96063,13.816667
1353,-1.5404258,9.45
1354,12.048535,9.733334
1355,-7.360044,9.0775
1356,14.200365,9.083333
1357,6.4268637,9.283334
1358,20.55768,9.4
1359,13.063974,9.35824
1360,12.181296,9.266666
1361,9.301965,8.933333
1362,3.62614,9.183333
1363,5.5093985,8.816667
1364,8.523705,9.736389
1365,12.795078,9.430833
1366,6.2739763,9.566667
1367,8.595174,8.733334
1368,-7.750542,10.583333
1369,22.063768,9.0
1370,8.55428,9.4
1371,4.42297,12.10529
1372,11.715446,13.526389
1373,5.3694954,12.1
1374,-75.53813,-117.34929
1375,-2.273975,13.3
1376,-108.06414,-101.44778
1377,-50.7707,-66.72083
1378,23.767294,25.783333
1379,25.32804,11.183333
1380,-49.803444,-91.599724
1381,55.468346,140.10165
1382,10.602884,10.480833
1383,24.213408,34.397778
1384,-91.1407,-87.12639
1385,4.8681755,12.36137
1386,9.17347,11.777778
1387,8.632578,-2.7341666
1388,13.113056,11.45
1389,22.936235,10.7711115
1390,-126.73447,-105.78222
1391,-6.584168,11.633333
1392,3.780662,11.45
1393,-62.682255,-79.54222
1394,-1.2297091,12.233334
1395,14.949251,12.466666
1396,8.820601,19.261944
1397,6.215513,12.1
1398,12.586844,11.283334
1399,2.9331892,11.766666
1400,-2.9578977,12.1
1401,3.482753,12.166667
1402,5.996838,11.2
1403,-78.539505,-111.93056
1404,-6.104466,12.385278
1405,1.4724226,11.583333
1406,21.166658,11.6906
1407,4.953738,11.65
1408,7.841854,11.533334
1409,10.937357,11.273056
1410,-31.243986,-111.98
1411,39.321346,33.43475
1412,13.38122,9.15
1413,0.07991648,13.804722
1414,21.317194,9.133333
1415,31.790993,33.4943
1416,-65.32576,-83.01
1417,5.9927244,9.216666
1418,2.69626,9.166667
1419,1.0984039,9.100833
1420,19.999254,9.116667
1421,-1.1663351,8.933333
1422,0.36929846,9.266666
1423,15.305025,8.983334
1424,22.41128,9.066667
1425,5.843639,9.1
1426,0.24645233,11.133333
1427,18.09182,12.119528
1428,9.504426,9.0
1429,14.756485,32.583847
1430,83.514046,139.91136
1431,-19.776487,9.0972
1432,16.86417,11.02247
1433,25.575428,11.716666
1434,13.700241,9.25
1435,19.846718,11.30859
1436,2.706122,2.86
1437,11.521141,10.671667
1438,-2.6082892,12.116667
1439,4.9981146,13.380834
1440,19.988382,13.933333
1441,-1.8437581,15.1225
1442,-1.7459435,15.05
1443,-1.7022986,15.116667
1444,-3.2629352,11.033334
1445,3.0820534,14.966666
1446,5.0577307,14.9
1447,-8.664967,15.133333
1448,-0.9695926,14.85
1449,94.1555,108.9
1450,-20.597313,12.5629
1451,-16.077738,12.833333
1452,141.67351,135.30403
1453,-7.186794,10.77048
1454,-3.8272538,13.3796
1455,-80.25317,-85.78
1456,2.6121378,18.353611
1457,-33.43031,-81.44
1458,20.17505,33.020557
1459,-64.5632,-113.03972
1460,-110.01176,-111.6725
1461,-51.28504,-89.58
1462,-92.4916,-97.52
1463,-96.15414,-110.55
1464,-124.62816,-124.136665
1465,-99.54237,-95.05
1466,-47.895855,-98.57
1467,21.449486,9.0891
1468,-66.66225,-91.84
1469,-124.94214,-77.327225
1470,-80.744644,-89.55
1471,44.71052,71.0
1472,-114.94404,-83.06
1473,-86.58838,-92.4
1474,-63.498577,-92.78972
1475,-78.00592,-90.45
1476,9.296584,6.027778
1477,-96.85556,-89.55
1478,-80.927086,-116.71
1479,-76.98144,-85.55
1480,-91.36766,-84.91
1481,-81.780106,-82.7
1482,-83.31169,-92.09
1483,-90.35354,-93.40368
1484,-144.1196,-116.45
1485,-77.68476,-90.4
1486,-100.51789,-89.38
1487,2.9052258,9.4675
1488,-85.66464,-84.91
1489,-83.9934,-88.22
1490,-48.839718,-81.49
1491,-56.189476,-82.8
1492,144.33958,145.65
1493,43.569168,65.38333
1494,-74.32653,-77.77
1495,21.37756,8.74
1496,-95.91874,-82.36667
1497,-63.998737,-121.655556
1498,-66.14458,-81.19
1499,-77.556244,-81.17
1500,-88.29271,-77.157486
1501,-64.97191,-80.01
1502,-40.752377,-79.988815
1503,-88.24435,-75.7
1504,13.319675,10.3
1505,-55.84801,-83.18
1506,-98.73878,-98.19
1507,-72.40108,-85.0
1508,-81.922676,-98.59
1509,-68.64546,-98.72
1510,-89.004395,-103.55
1511,-71.966064,-107.75
1512,-95.08146,-103.71
1513,-70.495804,-90.511665
1514,-63.238537,-93.78
1515,-81.69674,-93.57
1516,-50.019024,-82.4811
1517,-86.96703,-86.59
1518,-57.090515,-78.82644
1519,-100.50598,-93.98
1520,-54.745533,-94.25
1521,21.40282,15.183333
1522,-85.86989,-95.86
1523,-3.1967673,15.2499275
1524,-85.444,-93.3
1525,-88.47835,-88.23
1526,-79.56856,-91.18
1527,8.319401,13.566667
1528,-86.35963,-89.82
1529,-79.26788,-89.8
1530,-65.685234,-70.666664
1531,6.1395545,16.388329
1532,-77.57247,-89.91
1533,-89.980675,-87.82
1534,-83.106636,-83.83
1535,-70.39927,-88.49
1536,-125.69556,-121.289444
1537,4.0024576,13.933333
1538,16.52175,14.910608
1539,-78.92614,-83.08
1540,-80.62067,-84.84
1541,-56.939598,-98.43
1542,7.984034,15.05
1543,-43.197556,-71.27585
1544,-78.58565,-72.52
1545,-72.80101,-84.38
1546,-75.74171,-83.67
1547,-64.555664,-84.61
1548,-84.67479,-71.441666
1549,-11.512581,-87.54611
1550,4.363533,15.16933
1551,10.296764,15.333333
1552,-60.70644,-81.37
1553,-72.59453,-85.938614
1554,-8.938927,14.966666
1555,-55.18072,-81.75
1556,-60.3224,-83.57
1557,-95.03575,-82.64
1558,-68.06229,-83.27
1559,-62.588093,-113.067
1560,17.202671,13.98997
1561,-96.16463,-80.22
1562,-58.020824,-80.35
1563,-80.2892,-80.73
1564,-83.79358,-76.1
1565,16.943922,8.468175
1566,27.124847,126.64861
1567,1.5615511,8.8167305
1568,-115.74397,-112.31
1569,15.464418,6.1019444
1570,4.128439,12.216666
1571,-57.294605,-90.56
1572,-88.17223,-84.25
1573,-51.221737,-86.07
1574,-32.07793,-81.13
1575,-108.982414,-96.65
1576,-93.143456,-117.579445
1577,-64.80362,-119.33195
1578,-66.76603,-121.16
1579,-59.692974,-75.8
1580,-48.93899,-77.25
1581,-77.35951,-83.49
1582,-73.43436,-90.88
1583,-6.129436,13.883333
1584,3.1970992,13.816667
1585,8.900179,13.766666
1586,7.7055674,13.483334
1587,-76.38475,-81.95
1588,-68.09417,-80.25
1589,-57.06164,-81.92
1590,-49.505398,-81.44
1591,-103.377594,-92.87
1592,-69.83601,-87.15
1593,-82.85063,-85.27
1594,139.89418,139.92622
1595,-72.77914,-82.79
1596,-56.962917,-84.87
1597,-6.014746,12.283334
1598,-3.583303,13.758611
1599,13.291929,23.941668
1600,30.220999,19.116667
1601,-14.840658,13.433333
1602,111.51196,137.08333
1603,5.9169397,8.948353
1604,-3.2700896,11.59712
1605,14.946264,12.116667
1606,29.075583,8.501667
1607,4.592461,13.2288885
1608,0.63638544,13.743611
1609,-72.37924,-90.68
1610,-80.4717,-89.51
1611,5.9587007,13.780278
1612,-89.278244,-89.39
1613,-61.249836,-88.78
1614,-98.325516,-85.353615
1615,-68.94628,-87.36972
1616,5.9520097,13.395278
1617,6.589896,13.646667
1618,-10.416014,-5.5333333
1619,3.05202,13.99151
1620,11.9819565,14.066389
1621,-74.51696,-75.8167
1622,13.678683,13.29886
1623,-44.04462,-76.08
1624,21.57191,13.609167
1625,-74.06726,-76.51
1626,18.723782,13.068611
1627,0.2255764,11.916667
1628,15.521549,13.879894
1629,21.997856,13.777778
1630,-70.1303,-81.11
1631,-76.121506,-81.07
1632,17.94491,12.85
1633,-81.94492,-89.63
1634,-76.090385,-87.71
1635,-70.73392,-87.08
1636,-98.36763,-82.95
1637,-50.331947,-74.61
1638,-58.93684,-80.16
1639,-41.9589,-74.15
1640,-72.97727,-78.66
1641,-50.650013,-92.834335
1642,-2.5388007,13.9991665
1643,-37.517925,-85.70678
1644,-37.75011,-80.87
1645,-66.01537,-86.58
1646,24.33918,9.36667
1647,118.08665,137.03334
1648,-55.917393,-87.31084
1649,-71.94752,-87.374725
1650,-0.50069,12.566667
1651,39.587822,12.933333
1652,24.169659,14.8
1653,-85.11501,-117.269
1654,7.5007453,13.266666
1655,-73.16746,-83.26
1656,-8.888021,13.733334
1657,-86.25692,-92.41
1658,-72.894066,-92.56
1659,-5.8424907,12.17939
1660,-65.47287,-80.4506
1661,8.728976,17.883333
1662,7.644244,16.716667
1663,7.468344,13.016666
1664,-121.94562,-85.79
1665,17.661234,11.462222
1666,13.602541,13.466666
1667,10.541955,13.416667
1668,-55.176952,-89.76
1669,-85.40065,-86.97
1670,-62.82197,-76.44
1671,-91.798775,-77.38
1672,-63.728397,-70.38792
1673,-73.28194,-86.42
1674,-98.7723,-85.86
1675,-94.24012,-79.81
1676,-62.05482,-86.1
1677,-48.640102,-87.07
1678,-55.470894,-87.12
1679,-58.872555,-90.04
1680,14.136778,11.433333
1681,-37.330067,-85.58
1682,-58.497074,-93.56
1683,-92.5368,-90.4
1684,-88.50633,-86.89
1685,-50.765514,-81.93472
1686,-61.03989,-79.11
1687,-76.787895,-122.435
1688,-7.056825,16.233597
1689,17.396194,14.525
1690,-74.85,-86.48
1691,15.060717,16.033333
1692,28.417456,33.335194
1693,-42.694427,-78.21
1694,-85.23248,-76.08
1695,-33.700138,13.483334
1696,19.330301,9.945833
1697,-3.3303256,12.566667
1698,-60.33517,-97.72
1699,-10.889229,-6.2166667
1700,7.25492,12.216666
1701,-2.0084462,14.333333
1702,-155.65062,-153.45
1703,6.1898723,14.383333
1704,-55.861477,-81.18
1705,10.244291,14.583333
1706,10.518292,14.133333
1707,23.461311,19.833334
1708,4.0525966,12.5
1709,2.151321,14.4872
1710,19.006691,14.221592
1711,3.788282,14.433333
1712,14.642538,14.25
1713,-85.293335,-151.25
1714,-67.69889,-92.38
1715,1.3480058,14.214311
1716,6.4061227,14.3236
1717,-67.39159,-86.5
1718,-3.2575173,14.616667
1719,103.30794,145.423
1720,22.839691,14.566667
1721,10.562422,14.23689
1722,10.513603,17.996208
1723,12.81678,10.039444
1724,15.746029,13.966666
1725,9.628128,13.983611
1726,-86.38006,-77.92
1727,17.03491,13.99665
1728,8.635801,12.393333
1729,-173.00496,-153.78
1730,29.642508,13.7125
1731,11.085448,13.866667
1732,9.910718,13.683333
1733,9.287245,13.833333
1734,15.653543,13.915992
1735,13.459133,13.65
1736,-72.90286,-72.00083
1737,-68.019066,-78.05
1738,-14.178083,16.0
1739,8.650193,2.9577777
1740,4.880816,17.220278
1741,7.265558,16.9
1742,10.247939,16.683332
1743,18.750223,17.633333
1744,16.375572,17.703611
1745,16.663736,15.7
1746,16.472857,14.975414
1747,2.8860126,15.116667
1748,12.380915,15.733334
1749,6.844985,15.566667
1750,1.7583771,15.380834
1751,1.1024241,15.733334
1752,17.4882,17.233334
1753,-1.1599145,1.5
1754,19.496096,17.366667
1755,18.631472,17.2
1756,8.439358,11.936111
1757,22.220337,18.365278
1758,21.534323,18.338413
1759,16.899445,18.166666
1760,15.76516,18.2
1761,7.4785314,18.133333
1762,-5.5193295,-0.70694447
1763,13.2689495,18.266666
1764,21.994034,18.25
1765,-1.5295634,18.166666
1766,10.702191,18.166666
1767,0.03558588,10.133333
1768,15.112022,9.933333
1769,-2.5533519,16.15
1770,-5.053828,3.9591668
1771,-5.8887353,16.55
1772,10.034056,16.383333
1773,-4.2749133,15.716666
1774,-6.1031623,15.59382
1775,11.8239,15.533334
1776,15.233646,15.85
1777,7.733587,15.983334
1778,2.3886824,4.196944
1779,20.779987,16.09818
1780,3.908915,15.733334
1781,26.068676,15.766666
1782,14.654371,10.766666
1783,21.533175,10.666667
1784,5.259987,15.966666
1785,13.19492,15.783334
1786,13.295593,15.75798
1787,6.531215,11.4
1788,-5.3192477,6.05
1789,9.105116,22.2714
1790,10.210844,4.8480554
1791,8.540775,4.981389
1792,10.726698,12.183333
1793,5.2292604,12.383333
1794,5.0122437,11.833333
1795,11.863365,11.95
1796,4.9918127,12.520425
1797,15.338266,13.1192
1798,20.18957,13.416667
1799,15.547802,13.583333
1800,12.176972,12.588611
1801,-10.413813,12.833333
1802,1.5392742,12.901667
1803,7.603747,13.096389
1804,10.5547285,13.183333
1805,-4.4534802,12.933333
1806,14.801441,13.133333
1807,-6.6252875,1.221029
1808,3.8375177,13.266666
1809,-7.940307,12.866667
1810,-86.411644,-81.8872
1811,-2.5111804,16.466667
1812,6.9954767,9.895833
1813,0.43484926,16.5
1814,5.10417,16.483334
1815,100.261284,140.2032
1816,1.9376521,-1.6955556
1817,110.785126,138.68527
1818,-2.7151866,0.075833336
1819,-0.9143586,-0.8833333
1820,0.13911629,-0.6166667
1821,145.2428,131.8061
1822,133.98549,137.08109
1823,113.16502,137.1011
1824,141.09377,136.985
1825,105.22036,136.46
1826,113.4334,136.011
1827,149.09587,140.141
1828,-63.11501,-81.07
1829,120.128136,139.9881
1830,26.527328,16.833334
1831,148.69852,140.1586
1832,113.45577,135.94444
1833,97.21949,139.6779
1834,155.81883,140.566
1835,122.84554,139.5511
1836,10.17558,16.75
1837,112.255516,139.80806
1838,10.53463,16.516666
1839,3.662125,16.466667
1840,122.07827,139.6937
1841,11.216271,16.65
1842,-2.2512298,16.55
1843,5.843958,0.73388886
1844,13.785978,15.9
1845,0.38905334,16.31889
1846,10.733567,16.395555
1847,9.737008,-1.5230556
1848,4.23076,16.066668
1849,12.620996,15.916667
1850,2.6113217,16.6
1851,3.4176648,16.633333
1852,0.31974936,16.416666
1853,-10.168272,16.116667
1854,-2.254826,16.1
1855,-4.195971,16.033333
1856,21.798197,15.983334
1857,4.6838493,16.333334
1858,-17.165419,-6.93704
1859,11.467773,16.3
1860,6.9541416,16.266666
1861,5.5540905,19.004856
1862,1.4570947,16.533333
1863,2.5523305,16.3
1864,0.2998643,10.783611
1865,-75.22716,-72.68
1866,2.4673162,-1.0808333
1867,-5.6168523,4.9652777
1868,-58.572575,-71.292175
1869,11.761215,11.05
1870,12.384638,16.766666
1871,40.04364,47.895832
1872,-4.855061,16.15
1873,-8.700176,16.166666
1874,32.084885,15.816667
1875,6.054638,2.5022223
1876,9.449272,15.716666
1877,6.348365,16.083334
1878,125.82205,121.05
1879,17.14251,16.233334
1880,0.045860767,16.466667
1881,171.55215,151.211
1882,-2.9088397,16.033333
1883,21.976198,15.9
1884,7.8384175,16.333334
1885,4.7016587,16.24876
1886,-1.2471976,16.15
1887,14.622267,15.983334
1888,24.431406,-0.28333333
1889,6.218319,0.9116667
1890,12.142748,0.550137
1891,54.532547,44.2474
1892,6.379664,4.096389
1893,8.275999,15.371111
1894,1.7066784,15.044167
1895,-0.44722557,15.021389
1896,19.033016,14.85
1897,8.202259,15.016666
1898,101.9748,135.59444
1899,102.03358,138.2385
1900,143.05101,135.2913
1901,11.870752,14.65
1902,21.255722,14.883333
1903,2.7574177,14.85
1904,16.61794,15.2
1905,1.358798,15.283334
1906,9.633986,14.85
1907,7.342064,15.1
1908,11.316412,15.233334
1909,-2.3638053,15.25
1910,16.232948,14.916667
1911,13.545209,15.166667
1912,12.065175,12.95
1913,-16.529905,-19.3
1914,42.474495,14.616667
1915,15.848608,14.866667
1916,11.787565,14.733334
1917,13.282125,14.781667
1918,29.914427,14.55
1919,21.805689,14.883333
1920,13.470457,14.583333
1921,18.28154,14.85
1922,7.7034903,14.816667
1923,16.418139,33.360867
1924,9.324705,13.63295
1925,21.837545,13.333889
1926,12.572935,14.416667
1927,3.7779837,8.85
1928,14.577314,13.75
1929,127.774864,120.28333
1930,119.13971,135.78503
1931,11.650758,8.768056
1932,-77.004524,-80.69861
1933,12.783291,12.433333
1934,1.2290354,-3.3352778
1935,178.36266,139.93335
1936,10.4453535,12.716666
1937,158.33568,139.7124
1938,117.59075,139.8195
1939,0.36508274,-1.3672222
1940,-8.652082,0.015833333
1941,-1.1975679,12.95
1942,5.377139,6.1997223
1943,-13.591862,8.933333
1944,35.582863,32.490074
1945,11.563965,14.133333
1946,-11.209232,14.333333
1947,24.041164,14.4977
1948,9.116236,8.765611
1949,-1.3727708,9.251989
1950,2.3018894,9.0299
1951,0.546793,14.216666
1952,3.865222,14.02542
1953,7.412566,7.3810453
1954,3.6680434,8.78916
1955,9.011313,9.00046
1956,5.379799,2.1252778
1957,2.9546032,13.95
1958,-2.4006562,14.183333
1959,-4.044914,14.05
1960,2.566679,14.216666
1961,-27.35703,2.56667
1962,3.0128546,0.37861112
1963,8.690476,14.25
1964,4.6817303,-1.4366666
1965,20.520004,3.45033
1966,2.6738892,14.1
1967,26.503742,13.216666
1968,0.8513756,-2.9544444
1969,-4.1203027,4.591111
1970,172.65639,134.96054
1971,-72.6654,-116.981
1972,-72.36992,-92.45
1973,28.789595,34.302536
1974,12.018075,13.5287
1975,15.6187935,8.83
1976,3.5067196,13.732053
1977,-2.5679011,1.5466666
1978,15.35755,13.611
1979,6.14253,-0.2802
1980,3.7515736,-0.2797222
1981,7.9489965,1.32645
1982,-10.706566,-1.9133333
1983,25.094584,56.283054
1984,8.276365,-0.336
1985,2.6502514,-2.910556
1986,13.765357,4.5333333
1987,0.14799023,-0.0030555555
1988,-88.91045,-89.15
1989,7.721738,5.903333
1990,-6.098841,6.0344443
1991,-19.39215,-87.81
1992,-1.979506,-0.3147222
1993,2.213088,-0.32222223
1994,-8.001541,5.05
1995,5.6133227,-0.39833334
1996,11.857971,10.233611
1997,0.7305064,0.33833334
1998,-6.3220153,5.433889
1999,8.817505,8.487357
2000,9.562215,0.058055557
2001,45.73257,32.52727
2002,11.878818,0.7291667
2003,-59.485806,-117.854164
2004,-81.492516,-93.09389
2005,2.022592,0.1586111
2006,32.30602,-1.3838888
2007,-1.4595838,6.0211
2008,-70.433586,-91.275
2009,-100.90043,-90.86972
2010,-83.19991,-91.730835
2011,108.18557,133.93773
2012,-63.923893,-93.664444
2013,-75.71854,-94.221664
2014,5.156566,0.15666667
2015,101.904434,140.50694
2016,95.715164,136.91777
2017,122.18739,135.82083
2018,157.1775,132.45401
2019,85.42266,129.87413
2020,141.09657,138.55896
2021,160.29108,133.92627
2022,161.2137,137.94478
2023,109.57997,136.78139
2024,155.91707,136.99373
2025,14.954672,1.6277778
2026,129.00761,140.63493
2027,-14.113504,-3.25
2028,144.8566,138.99147
2029,156.84999,140.17474
2030,153.25368,134.00444
2031,120.6477,135.44725
2032,99.98603,129.99817
2033,14.358316,14.4
2034,-7.505303,2.7322223
2035,1.5531249,7.610833
2036,-86.06425,-78.0
2037,4.510453,8.700556
2038,15.714809,8.243055
2039,10.685773,8.516666
2040,2.0437117,6.13
2041,10.766759,8.67343
2042,6.125572,1.7033334
2043,135.80093,125.6454
2044,9.041315,8.333333
2045,111.8717,125.409
2046,8.121329,13.183333
2047,97.40844,125.5179
2048,3.2186086,-2.2780557
2049,0.44605112,-2.9452777
2050,15.152323,6.67
2051,10.313887,10.641945
2052,10.557701,2.743611
2053,5.770994,0.22666667
2054,5.893374,4.0536113
2055,1.4306326,1.7133334
2056,1.5651498,0.9291667
2057,-3.2430243,0.1275
2058,-3.6370873,0.79944444
2059,162.45491,138.7807
2060,1.1598153,-0.04611111
2061,133.01599,135.75246
2062,13.887477,-0.22166666
2063,-17.322315,3.5358334
2064,3.679876,5.6983333
2065,137.81497,135.5975
2066,7.628516,-1.1466666
2067,119.43602,139.8341
2068,21.307402,12.505556
2069,9.866425,2.1527777
2070,4.2806435,5.9897223
2071,4.928161,10.366667
2072,23.011856,52.5425
2073,17.065447,8.555555
2074,26.023228,32.5988
2075,14.841875,32.55783
2076,2.0441217,0.6097222
2077,37.66706,32.5076
2078,134.26212,135.82742
2079,126.758995,135.49464
2080,25.667912,33.391323
2081,3.7771668,2.1333334
2082,1.1979337,0.44277778
2083,5.9658136,3.5508332
2084,-9.052271,4.8991666
2085,22.534348,32.920834
2086,11.104266,1.0916667
2087,16.73462,7.665278
2088,67.120384,102.928055
2089,4.301441,1.0344445
2090,-69.745,-94.12666
2091,115.73245,141.69228
2092,12.386604,-1.5658333
2093,-16.759571,0.32222223
2094,4.706854,3.383889
2095,4.9012513,-0.13777778
2096,21.292683,5.6005554
2097,141.4954,144.83333
2098,4.1446667,3.7130556
2099,5.370331,2.8002777
2100,110.789536,139.21295
2101,-3.1732974,0.060833335
2102,54.79695,32.463604
2103,-5.901173,3.506389
2104,2.6049173,-0.022222223
2105,-1.427958,0.53944445
2106,5.9517527,-1.6683333
2107,19.24153,5.4955554
2108,-51.825657,-96.8219
2109,13.150534,32.667202
2110,-18.29864,3.401389
2111,17.913012,26.645277
2112,4.501279,3.6105556
2113,6.556424,0.11472222
2114,2.8072,0.6326
2115,-3.8183246,-1.4055556
2116,4.361965,2.8697221
2117,35.296463,20.9486
2118,117.029465,139.6142
2119,-10.206284,2.0711112
2120,7.139204,0.13861111
2121,2.5027037,0.10138889
2122,-8.661135,4.448889
2123,4.615462,-2.2880557
2124,131.78595,135.76952
2125,0.56066227,-0.07416666
2126,46.064327,16.3371
2127,-2.9243588,-2.4055555
2128,132.86145,135.42361
2129,-64.975365,-76.94945
2130,5.656961,13.179722
2131,-11.412928,2.0
2132,136.40686,124.01667
2133,0.40056133,-2.2125
2134,138.38707,135.69427
2135,-5.0368533,-2.5819445
2136,164.41985,138.617
2137,119.48465,135.35263
2138,9.24869,-3.1577778
2139,-0.3758788,-2.5447223
2140,-37.91058,-76.88
2141,-1.6990991,-0.55722225
2142,-6.753367,-0.60055554
2143,19.304453,32.62068
2144,-7.0652575,-2.206389
2145,12.874625,-3.383889
2146,-7.5001206,-0.58666664
2147,-5.3201385,0.07055555
2148,4.098529,3.3866668
2149,8.295714,3.7827778
2150,-120.855995,-112.37444
2151,37.956757,14.29925
2152,0.3788681,3.3283334
2153,-107.734474,-118.496666
2154,40.431915,26.516111
2155,14.445122,14.433333
2156,11.816372,14.233334
2157,-6.723144,2.011667
2158,-1.8275971,15.980851
2159,9.2811,16.090769
2160,19.863266,14.4
2161,15.776171,14.15
2162,15.91074,14.55
2163,13.351259,14.516667
2164,-10.756632,3.0438888
2165,-70.112686,-79.8179
2166,-1.0409966,13.1562
2167,-0.45402765,-0.8738889
2168,131.67345,144.999
2169,142.06621,144.96666
2170,10.033421,8.58199
2171,-12.959629,6.6369443
2172,8.222164,0.5630556
2173,1.8874326,6.2644444
2174,32.96806,33.337788
2175,-0.362679,-2.1163888
2176,4.349125,-0.98333
2177,-2.3652701,1.29902
2178,131.25014,135.35861
2179,-17.42766,-53.806946
2180,162.28609,135.63945
2181,38.167213,32.528854
2182,122.81062,140.38089
2183,-1.0443029,0.38222224
2184,47.667236,27.721111
2185,37.336533,69.61444
2186,3.7884202,3.8463888
2187,-3.4195056,2.3805556
2188,12.170956,0.16944444
2189,-67.087105,-74.3933
2190,3.8246176,4.1230555
2191,-3.60916,-0.46583334
2192,5.759384,2.5097222
2193,-27.431196,-142.0
2194,1.2892375,-1.265
2195,89.787384,138.2755
2196,8.60571,0.5336111
2197,9.6865015,1.7702777
2198,18.789328,6.7377777
2199,49.475197,32.451225
2200,-87.9484,-77.08993
2201,51.959015,33.54006
2202,-66.030914,-76.775
2203,-31.355669,16.468338
2204,5.566476,5.3905554
2205,168.40079,143.06667
2206,35.11311,32.47232
2207,-4.944484,-2.8541667
2208,-11.645901,3.333889
2209,-1.6403203,-1.6225
2210,135.66115,135.517
2211,118.920105,135.487
2212,110.08577,139.386
2213,4.79891,6.179167
2214,0.7054529,4.678889
2215,-1.4049907,1.30716
2216,1.5168209,3.8558333
2217,-4.267836,-0.13833334
2218,-3.6898952,1.8186111
2219,6.664916,0.25054
2220,0.7912555,1.8666667
2221,1.1188002,0.27083334
2222,20.406616,0.25805557
2223,-3.5837216,-0.47944444
2224,-10.215017,-0.111944444
2225,82.78371,142.73334
2226,4.9511786,-1.4808333
2227,1.3728213,0.15666667
2228,79.728745,32.52948
2229,-8.717735,-2.3483334
2230,0.22315931,-0.028888889
2231,-12.592497,-0.43
2232,5.7864394,-1.3961111
2233,168.01642,136.5844
2234,107.20391,139.116
2235,4.9244924,11.42
2236,30.310606,47.933334
2237,15.34594,9.400833
2238,16.261658,9.716042
2239,243.35014,144.8853
2240,150.54565,139.786
2241,97.07099,139.47722
2242,119.71132,139.73558
2243,98.21107,139.64305
2244,145.2725,137.99834
2245,151.54474,139.8051
2246,5.5881996,8.17037
2247,115.74779,139.44556
2248,96.95317,139.64806
2249,114.476776,139.77484
2250,119.8793,140.12216
2251,139.23615,139.7114
2252,132.63194,140.871
2253,3.294276,11.854444
2254,155.35547,140.02048
2255,9.117568,9.06003
2256,106.1921,139.72797
2257,146.56871,135.7937
2258,9.207839,2.370278
2259,7.869939,14.569445
2260,9.460424,14.616667
2261,5.952814,3.0855556
2262,13.939449,14.7
2263,-105.14383,-134.94778
2264,137.67128,139.7708
2265,20.8117,9.830556
2266,-5.2887616,15.283334
2267,15.137957,15.116667
2268,0.31849957,-3.2166667
2269,10.231804,15.2
2270,6.770876,14.633333
2271,22.171757,15.016666
2272,0.5809636,15.166667
2273,19.55894,15.233334
2274,-6.643473,3.418611
2275,5.9210362,6.366389
2276,38.9731,15.55
2277,9.447491,5.7766666
2278,0.44604635,-1.0194445
2279,-29.815477,6.507222
2280,5.939857,8.8
2281,11.223286,10.983334
2282,5.303479,11.016666
2283,6.4708614,11.504723
2284,-8.22735,1.8208333
2285,10.103242,13.567619
2286,-6.8944135,1.8811111
2287,1.5284429,5.5794444
2288,20.602352,1.3416667
2289,15.520859,6.5625
2290,117.78926,138.04944
2291,3.6206453,-1.2847222
2292,-2.6260247,6.033056
2293,-2.9793735,3.3211112
2294,-1.1624646,-0.7722222
2295,2.5868635,-1.4161111
2296,4.321811,4.7022223
2297,-25.970827,4.8
2298,40.869892,12.5
2299,5.3666425,2.4172223
2300,8.373402,-0.56416667
2301,-3.6972442,-1.3133334
2302,11.931185,4.9730554
2303,112.30806,136.63667
2304,115.53163,139.7218
2305,163.58606,139.6018
2306,2.8448904,-0.18194444
2307,2.5102549,3.5708334
2308,0.20837545,1.4463888
2309,94.4619,139.2377
2310,109.83682,139.67924
2311,124.98949,132.56056
2312,11.2190485,6.633333
2313,-3.7756886,3.5833333
2314,7.2616115,-2.203287
2315,2.551268,5.7308335
2316,-7.639627,3.365
2317,134.87633,135.78455
2318,73.116745,135.6391
2319,108.31993,135.703
2320,102.91268,135.597
2321,81.349174,135.2556
2322,114.126434,135.76363
2323,126.77527,135.478
2324,118.7034,135.2999
2325,-0.5115485,1.99
2326,134.28084,135.459
2327,-0.2103281,-0.17305556
2328,-0.29449463,-0.18694444
2329,-11.176622,-0.25944445
2330,-2.565988,-0.28666666
2331,22.73092,-0.15527777
2332,3.6393332,0.73
2333,4.0527773,0.5227778
2334,16.658127,3.865
2335,6.8824615,7.866667
2336,5.8147106,4.1844444
2337,3.3227859,4.3516665
2338,117.36212,133.66278
2339,7.8768525,0.7222222
2340,10.624126,-0.1411111
2341,-6.5301414,-3.396389
2342,126.45363,138.48889
2343,7.1229534,4.315
2344,6.2050905,4.07
2345,5.9342613,4.0680556
2346,130.99805,140.31335
2347,5.835341,6.171389
2348,112.39298,139.13245
2349,-82.2801,-92.45917
2350,-68.48009,-84.5097
2351,-74.74268,-87.55055
2352,68.099075,137.60292
2353,113.796646,136.96216
2354,136.0937,136.83551
2355,10.278138,3.4841666
2356,140.72113,138.553
2357,-74.53177,-92.3311
2358,161.28876,139.962
2359,159.74211,139.86667
2360,-5.591762,1.8313888
2361,1.8567629,5.6383333
2362,4.613283,103.083336
2363,144.21706,132.3143
2364,125.27988,140.4353
2365,-64.85878,-103.22833
2366,-98.994354,-94.17028
2367,7.42665,-0.82
2368,-108.16344,-89.6594
2369,-86.14786,-80.6314
2370,-71.43775,-76.144165
2371,3.5262325,5.7933335
2372,130.90173,135.565
2373,-6.8487887,16.1188
2374,145.46902,167.0
2375,-11.158548,16.202593
2376,15.0099945,16.028437
2377,18.129217,7.766667
2378,158.87975,140.59357
2379,108.329025,140.956
2380,-76.39775,-83.76267
2381,146.23518,141.0092
2382,157.4874,141.113
2383,-0.156034,7.516667
2384,2.1551342,7.866667
2385,81.277664,121.03333
2386,-9.923679,7.4666667
2387,2.046897,7.4166665
2388,-102.79152,-118.08222
2389,6.097152,7.65
2390,5.408782,11.9
2391,-1.6674142,7.4166665
2392,28.892555,11.783334
2393,16.516068,11.043221
2394,-15.416639,-12.674444
2395,11.463705,6.9344444
2396,5.0513086,7.6
2397,14.025178,6.997778
2398,3.3833377,6.9791665
2399,-9.943426,7.7166667
2400,6.328059,2.9483333
2401,1.3769174,1.0869445
2402,17.131878,7.7
2403,-0.17870426,7.383333
2404,7.5108843,7.233333
2405,20.220524,31.455833
2406,-2.9405627,3.396111
2407,3.765315,1.5183333
2408,-3.895452,-0.0075
2409,10.525201,7.5833335
2410,7.0209336,3.8883333
2411,66.689316,139.55043
2412,-0.53799677,1.5130556
2413,26.545277,15.875807
2414,-1.0077286,16.085073
2415,22.985153,15.8669
2416,4.264017,15.90657
2417,111.47561,139.67857
2418,7.873271,7.6666665
2419,-3.719952,0.8577778
2420,-9.527159,-0.125
2421,-5.674872,5.562778
2422,-9.54814,7.014167
2423,13.706089,7.5172224
2424,12.661495,7.6666665
2425,21.02971,15.836769
2426,-8.60438,-3.0705554
2427,-4.6595407,-0.072222225
2428,4.3844686,7.75
2429,14.00602,15.9719095
2430,0.30409098,11.1
2431,-97.21526,-105.037224
2432,57.08327,120.88359
2433,10.4600115,10.933333
2434,-83.86056,-90.614586
2435,12.171571,11.533055
2436,3.541247,13.395319
2437,4.992668,11.266666
2438,10.9055805,12.951861
2439,-7.2485356,13.14295
2440,-16.940395,7.65
2441,6.190582,7.7
2442,16.79236,1.9341667
2443,-1.8979259,0.7238889
2444,-1.3117561,1.5711111
2445,14.221306,5.6333
2446,-0.061848164,2.093889
2447,-13.804218,7.3333335
2448,-95.27174,-101.0
2449,4.9646854,0.15416667
2450,-13.555717,0.2163889
2451,-0.39942932,-0.027222222
2452,-0.009696484,13.770404
2453,-1.0298452,0.5213889
2454,11.687985,-0.12027778
2455,10.372356,1.8483334
2456,26.221855,13.902739
2457,3.2890804,0.59194446
2458,0.13759899,-49.00778
2459,-5.669645,-3.10054
2460,3.1863,5.5881
2461,-5.9270425,0.83194447
2462,-79.434044,-122.9375
2463,5.272776,20.366667
2464,-16.623869,5.16598
2465,-13.784061,0.476936
2466,11.35355,-0.023333333
2467,7.425897,-0.0011111111
2468,-99.4175,-122.65861
2469,5.393937,0.9022222
2470,-3.554315,11.966666
2471,11.560461,11.943889
2472,5.3148513,11.916667
2473,-2.7676644,11.7846
2474,7.6775846,14.42797
2475,11.954315,120.1675
2476,4.2692113,118.08195
2477,31.25266,123.425835
2478,-5.3331437,-8.655278
2479,27.498873,30.520555
2480,9.08852,116.98333
2481,12.31296,34.833332
2482,6.827276,2.2380555
2483,-8.117966,14.416667
2484,5.2570467,15.616667
2485,4.5731387,14.766666
2486,4.056677,9.5373
2487,-10.42045,10.593611
2488,-3.6358771,0.77
2489,-35.22963,-82.66
2490,6.660408,-1.9441667
2491,-1.0477848,7.8444443
2492,-1.8922973,11.466666
2493,5.580059,-1.8372222
2494,8.3567295,11.607778
